0,0,2,2,0,3,unacc
0,0,2,2,0,2,unacc
0,0,2,2,0,1,unacc
0,0,2,2,2,3,unacc
0,0,2,2,2,2,unacc
0,0,2,2,2,1,unacc
0,0,2,2,1,3,unacc
0,0,2,2,1,2,unacc
0,0,2,2,1,1,unacc
0,0,2,4,0,3,unacc
0,0,2,4,0,2,unacc
0,0,2,4,0,1,unacc
0,0,2,4,2,3,unacc
0,0,2,4,2,2,unacc
0,0,2,4,2,1,unacc
0,0,2,4,1,3,unacc
0,0,2,4,1,2,unacc
0,0,2,4,1,1,unacc
0,0,2,5,0,3,unacc
0,0,2,5,0,2,unacc
0,0,2,5,0,1,unacc
0,0,2,5,2,3,unacc
0,0,2,5,2,2,unacc
0,0,2,5,2,1,unacc
0,0,2,5,1,3,unacc
0,0,2,5,1,2,unacc
0,0,2,5,1,1,unacc
0,0,3,2,0,3,unacc
0,0,3,2,0,2,unacc
0,0,3,2,0,1,unacc
0,0,3,2,2,3,unacc
0,0,3,2,2,2,unacc
0,0,3,2,2,1,unacc
0,0,3,2,1,3,unacc
0,0,3,2,1,2,unacc
0,0,3,2,1,1,unacc
0,0,3,4,0,3,unacc
0,0,3,4,0,2,unacc
0,0,3,4,0,1,unacc
0,0,3,4,2,3,unacc
0,0,3,4,2,2,unacc
0,0,3,4,2,1,unacc
0,0,3,4,1,3,unacc
0,0,3,4,1,2,unacc
0,0,3,4,1,1,unacc
0,0,3,5,0,3,unacc
0,0,3,5,0,2,unacc
0,0,3,5,0,1,unacc
0,0,3,5,2,3,unacc
0,0,3,5,2,2,unacc
0,0,3,5,2,1,unacc
0,0,3,5,1,3,unacc
0,0,3,5,1,2,unacc
0,0,3,5,1,1,unacc
0,0,4,2,0,3,unacc
0,0,4,2,0,2,unacc
0,0,4,2,0,1,unacc
0,0,4,2,2,3,unacc
0,0,4,2,2,2,unacc
0,0,4,2,2,1,unacc
0,0,4,2,1,3,unacc
0,0,4,2,1,2,unacc
0,0,4,2,1,1,unacc
0,0,4,4,0,3,unacc
0,0,4,4,0,2,unacc
0,0,4,4,0,1,unacc
0,0,4,4,2,3,unacc
0,0,4,4,2,2,unacc
0,0,4,4,2,1,unacc
0,0,4,4,1,3,unacc
0,0,4,4,1,2,unacc
0,0,4,4,1,1,unacc
0,0,4,5,0,3,unacc
0,0,4,5,0,2,unacc
0,0,4,5,0,1,unacc
0,0,4,5,2,3,unacc
0,0,4,5,2,2,unacc
0,0,4,5,2,1,unacc
0,0,4,5,1,3,unacc
0,0,4,5,1,2,unacc
0,0,4,5,1,1,unacc
0,0,5,2,0,3,unacc
0,0,5,2,0,2,unacc
0,0,5,2,0,1,unacc
0,0,5,2,2,3,unacc
0,0,5,2,2,2,unacc
0,0,5,2,2,1,unacc
0,0,5,2,1,3,unacc
0,0,5,2,1,2,unacc
0,0,5,2,1,1,unacc
0,0,5,4,0,3,unacc
0,0,5,4,0,2,unacc
0,0,5,4,0,1,unacc
0,0,5,4,2,3,unacc
0,0,5,4,2,2,unacc
0,0,5,4,2,1,unacc
0,0,5,4,1,3,unacc
0,0,5,4,1,2,unacc
0,0,5,4,1,1,unacc
0,0,5,5,0,3,unacc
0,0,5,5,0,2,unacc
0,0,5,5,0,1,unacc
0,0,5,5,2,3,unacc
0,0,5,5,2,2,unacc
0,0,5,5,2,1,unacc
0,0,5,5,1,3,unacc
0,0,5,5,1,2,unacc
0,0,5,5,1,1,unacc
0,1,2,2,0,3,unacc
0,1,2,2,0,2,unacc
0,1,2,2,0,1,unacc
0,1,2,2,2,3,unacc
0,1,2,2,2,2,unacc
0,1,2,2,2,1,unacc
0,1,2,2,1,3,unacc
0,1,2,2,1,2,unacc
0,1,2,2,1,1,unacc
0,1,2,4,0,3,unacc
0,1,2,4,0,2,unacc
0,1,2,4,0,1,unacc
0,1,2,4,2,3,unacc
0,1,2,4,2,2,unacc
0,1,2,4,2,1,unacc
0,1,2,4,1,3,unacc
0,1,2,4,1,2,unacc
0,1,2,4,1,1,unacc
0,1,2,5,0,3,unacc
0,1,2,5,0,2,unacc
0,1,2,5,0,1,unacc
0,1,2,5,2,3,unacc
0,1,2,5,2,2,unacc
0,1,2,5,2,1,unacc
0,1,2,5,1,3,unacc
0,1,2,5,1,2,unacc
0,1,2,5,1,1,unacc
0,1,3,2,0,3,unacc
0,1,3,2,0,2,unacc
0,1,3,2,0,1,unacc
0,1,3,2,2,3,unacc
0,1,3,2,2,2,unacc
0,1,3,2,2,1,unacc
0,1,3,2,1,3,unacc
0,1,3,2,1,2,unacc
0,1,3,2,1,1,unacc
0,1,3,4,0,3,unacc
0,1,3,4,0,2,unacc
0,1,3,4,0,1,unacc
0,1,3,4,2,3,unacc
0,1,3,4,2,2,unacc
0,1,3,4,2,1,unacc
0,1,3,4,1,3,unacc
0,1,3,4,1,2,unacc
0,1,3,4,1,1,unacc
0,1,3,5,0,3,unacc
0,1,3,5,0,2,unacc
0,1,3,5,0,1,unacc
0,1,3,5,2,3,unacc
0,1,3,5,2,2,unacc
0,1,3,5,2,1,unacc
0,1,3,5,1,3,unacc
0,1,3,5,1,2,unacc
0,1,3,5,1,1,unacc
0,1,4,2,0,3,unacc
0,1,4,2,0,2,unacc
0,1,4,2,0,1,unacc
0,1,4,2,2,3,unacc
0,1,4,2,2,2,unacc
0,1,4,2,2,1,unacc
0,1,4,2,1,3,unacc
0,1,4,2,1,2,unacc
0,1,4,2,1,1,unacc
0,1,4,4,0,3,unacc
0,1,4,4,0,2,unacc
0,1,4,4,0,1,unacc
0,1,4,4,2,3,unacc
0,1,4,4,2,2,unacc
0,1,4,4,2,1,unacc
0,1,4,4,1,3,unacc
0,1,4,4,1,2,unacc
0,1,4,4,1,1,unacc
0,1,4,5,0,3,unacc
0,1,4,5,0,2,unacc
0,1,4,5,0,1,unacc
0,1,4,5,2,3,unacc
0,1,4,5,2,2,unacc
0,1,4,5,2,1,unacc
0,1,4,5,1,3,unacc
0,1,4,5,1,2,unacc
0,1,4,5,1,1,unacc
0,1,5,2,0,3,unacc
0,1,5,2,0,2,unacc
0,1,5,2,0,1,unacc
0,1,5,2,2,3,unacc
0,1,5,2,2,2,unacc
0,1,5,2,2,1,unacc
0,1,5,2,1,3,unacc
0,1,5,2,1,2,unacc
0,1,5,2,1,1,unacc
0,1,5,4,0,3,unacc
0,1,5,4,0,2,unacc
0,1,5,4,0,1,unacc
0,1,5,4,2,3,unacc
0,1,5,4,2,2,unacc
0,1,5,4,2,1,unacc
0,1,5,4,1,3,unacc
0,1,5,4,1,2,unacc
0,1,5,4,1,1,unacc
0,1,5,5,0,3,unacc
0,1,5,5,0,2,unacc
0,1,5,5,0,1,unacc
0,1,5,5,2,3,unacc
0,1,5,5,2,2,unacc
0,1,5,5,2,1,unacc
0,1,5,5,1,3,unacc
0,1,5,5,1,2,unacc
0,1,5,5,1,1,unacc
0,2,2,2,0,3,unacc
0,2,2,2,0,2,unacc
0,2,2,2,0,1,unacc
0,2,2,2,2,3,unacc
0,2,2,2,2,2,unacc
0,2,2,2,2,1,unacc
0,2,2,2,1,3,unacc
0,2,2,2,1,2,unacc
0,2,2,2,1,1,unacc
0,2,2,4,0,3,unacc
0,2,2,4,0,2,unacc
0,2,2,4,0,1,acc
0,2,2,4,2,3,unacc
0,2,2,4,2,2,unacc
0,2,2,4,2,1,acc
0,2,2,4,1,3,unacc
0,2,2,4,1,2,acc
0,2,2,4,1,1,acc
0,2,2,5,0,3,unacc
0,2,2,5,0,2,unacc
0,2,2,5,0,1,unacc
0,2,2,5,2,3,unacc
0,2,2,5,2,2,unacc
0,2,2,5,2,1,acc
0,2,2,5,1,3,unacc
0,2,2,5,1,2,acc
0,2,2,5,1,1,acc
0,2,3,2,0,3,unacc
0,2,3,2,0,2,unacc
0,2,3,2,0,1,unacc
0,2,3,2,2,3,unacc
0,2,3,2,2,2,unacc
0,2,3,2,2,1,unacc
0,2,3,2,1,3,unacc
0,2,3,2,1,2,unacc
0,2,3,2,1,1,unacc
0,2,3,4,0,3,unacc
0,2,3,4,0,2,unacc
0,2,3,4,0,1,acc
0,2,3,4,2,3,unacc
0,2,3,4,2,2,unacc
0,2,3,4,2,1,acc
0,2,3,4,1,3,unacc
0,2,3,4,1,2,acc
0,2,3,4,1,1,acc
0,2,3,5,0,3,unacc
0,2,3,5,0,2,unacc
0,2,3,5,0,1,acc
0,2,3,5,2,3,unacc
0,2,3,5,2,2,acc
0,2,3,5,2,1,acc
0,2,3,5,1,3,unacc
0,2,3,5,1,2,acc
0,2,3,5,1,1,acc
0,2,4,2,0,3,unacc
0,2,4,2,0,2,unacc
0,2,4,2,0,1,unacc
0,2,4,2,2,3,unacc
0,2,4,2,2,2,unacc
0,2,4,2,2,1,unacc
0,2,4,2,1,3,unacc
0,2,4,2,1,2,unacc
0,2,4,2,1,1,unacc
0,2,4,4,0,3,unacc
0,2,4,4,0,2,unacc
0,2,4,4,0,1,acc
0,2,4,4,2,3,unacc
0,2,4,4,2,2,acc
0,2,4,4,2,1,acc
0,2,4,4,1,3,unacc
0,2,4,4,1,2,acc
0,2,4,4,1,1,acc
0,2,4,5,0,3,unacc
0,2,4,5,0,2,unacc
0,2,4,5,0,1,acc
0,2,4,5,2,3,unacc
0,2,4,5,2,2,acc
0,2,4,5,2,1,acc
0,2,4,5,1,3,unacc
0,2,4,5,1,2,acc
0,2,4,5,1,1,acc
0,2,5,2,0,3,unacc
0,2,5,2,0,2,unacc
0,2,5,2,0,1,unacc
0,2,5,2,2,3,unacc
0,2,5,2,2,2,unacc
0,2,5,2,2,1,unacc
0,2,5,2,1,3,unacc
0,2,5,2,1,2,unacc
0,2,5,2,1,1,unacc
0,2,5,4,0,3,unacc
0,2,5,4,0,2,unacc
0,2,5,4,0,1,acc
0,2,5,4,2,3,unacc
0,2,5,4,2,2,acc
0,2,5,4,2,1,acc
0,2,5,4,1,3,unacc
0,2,5,4,1,2,acc
0,2,5,4,1,1,acc
0,2,5,5,0,3,unacc
0,2,5,5,0,2,unacc
0,2,5,5,0,1,acc
0,2,5,5,2,3,unacc
0,2,5,5,2,2,acc
0,2,5,5,2,1,acc
0,2,5,5,1,3,unacc
0,2,5,5,1,2,acc
0,2,5,5,1,1,acc
0,3,2,2,0,3,unacc
0,3,2,2,0,2,unacc
0,3,2,2,0,1,unacc
0,3,2,2,2,3,unacc
0,3,2,2,2,2,unacc
0,3,2,2,2,1,unacc
0,3,2,2,1,3,unacc
0,3,2,2,1,2,unacc
0,3,2,2,1,1,unacc
0,3,2,4,0,3,unacc
0,3,2,4,0,2,unacc
0,3,2,4,0,1,acc
0,3,2,4,2,3,unacc
0,3,2,4,2,2,unacc
0,3,2,4,2,1,acc
0,3,2,4,1,3,unacc
0,3,2,4,1,2,acc
0,3,2,4,1,1,acc
0,3,2,5,0,3,unacc
0,3,2,5,0,2,unacc
0,3,2,5,0,1,unacc
0,3,2,5,2,3,unacc
0,3,2,5,2,2,unacc
0,3,2,5,2,1,acc
0,3,2,5,1,3,unacc
0,3,2,5,1,2,acc
0,3,2,5,1,1,acc
0,3,3,2,0,3,unacc
0,3,3,2,0,2,unacc
0,3,3,2,0,1,unacc
0,3,3,2,2,3,unacc
0,3,3,2,2,2,unacc
0,3,3,2,2,1,unacc
0,3,3,2,1,3,unacc
0,3,3,2,1,2,unacc
0,3,3,2,1,1,unacc
0,3,3,4,0,3,unacc
0,3,3,4,0,2,unacc
0,3,3,4,0,1,acc
0,3,3,4,2,3,unacc
0,3,3,4,2,2,unacc
0,3,3,4,2,1,acc
0,3,3,4,1,3,unacc
0,3,3,4,1,2,acc
0,3,3,4,1,1,acc
0,3,3,5,0,3,unacc
0,3,3,5,0,2,unacc
0,3,3,5,0,1,acc
0,3,3,5,2,3,unacc
0,3,3,5,2,2,acc
0,3,3,5,2,1,acc
0,3,3,5,1,3,unacc
0,3,3,5,1,2,acc
0,3,3,5,1,1,acc
0,3,4,2,0,3,unacc
0,3,4,2,0,2,unacc
0,3,4,2,0,1,unacc
0,3,4,2,2,3,unacc
0,3,4,2,2,2,unacc
0,3,4,2,2,1,unacc
0,3,4,2,1,3,unacc
0,3,4,2,1,2,unacc
0,3,4,2,1,1,unacc
0,3,4,4,0,3,unacc
0,3,4,4,0,2,unacc
0,3,4,4,0,1,acc
0,3,4,4,2,3,unacc
0,3,4,4,2,2,acc
0,3,4,4,2,1,acc
0,3,4,4,1,3,unacc
0,3,4,4,1,2,acc
0,3,4,4,1,1,acc
0,3,4,5,0,3,unacc
0,3,4,5,0,2,unacc
0,3,4,5,0,1,acc
0,3,4,5,2,3,unacc
0,3,4,5,2,2,acc
0,3,4,5,2,1,acc
0,3,4,5,1,3,unacc
0,3,4,5,1,2,acc
0,3,4,5,1,1,acc
0,3,5,2,0,3,unacc
0,3,5,2,0,2,unacc
0,3,5,2,0,1,unacc
0,3,5,2,2,3,unacc
0,3,5,2,2,2,unacc
0,3,5,2,2,1,unacc
0,3,5,2,1,3,unacc
0,3,5,2,1,2,unacc
0,3,5,2,1,1,unacc
0,3,5,4,0,3,unacc
0,3,5,4,0,2,unacc
0,3,5,4,0,1,acc
0,3,5,4,2,3,unacc
0,3,5,4,2,2,acc
0,3,5,4,2,1,acc
0,3,5,4,1,3,unacc
0,3,5,4,1,2,acc
0,3,5,4,1,1,acc
0,3,5,5,0,3,unacc
0,3,5,5,0,2,unacc
0,3,5,5,0,1,acc
0,3,5,5,2,3,unacc
0,3,5,5,2,2,acc
0,3,5,5,2,1,acc
0,3,5,5,1,3,unacc
0,3,5,5,1,2,acc
0,3,5,5,1,1,acc
1,0,2,2,0,3,unacc
1,0,2,2,0,2,unacc
1,0,2,2,0,1,unacc
1,0,2,2,2,3,unacc
1,0,2,2,2,2,unacc
1,0,2,2,2,1,unacc
1,0,2,2,1,3,unacc
1,0,2,2,1,2,unacc
1,0,2,2,1,1,unacc
1,0,2,4,0,3,unacc
1,0,2,4,0,2,unacc
1,0,2,4,0,1,unacc
1,0,2,4,2,3,unacc
1,0,2,4,2,2,unacc
1,0,2,4,2,1,unacc
1,0,2,4,1,3,unacc
1,0,2,4,1,2,unacc
1,0,2,4,1,1,unacc
1,0,2,5,0,3,unacc
1,0,2,5,0,2,unacc
1,0,2,5,0,1,unacc
1,0,2,5,2,3,unacc
1,0,2,5,2,2,unacc
1,0,2,5,2,1,unacc
1,0,2,5,1,3,unacc
1,0,2,5,1,2,unacc
1,0,2,5,1,1,unacc
1,0,3,2,0,3,unacc
1,0,3,2,0,2,unacc
1,0,3,2,0,1,unacc
1,0,3,2,2,3,unacc
1,0,3,2,2,2,unacc
1,0,3,2,2,1,unacc
1,0,3,2,1,3,unacc
1,0,3,2,1,2,unacc
1,0,3,2,1,1,unacc
1,0,3,4,0,3,unacc
1,0,3,4,0,2,unacc
1,0,3,4,0,1,unacc
1,0,3,4,2,3,unacc
1,0,3,4,2,2,unacc
1,0,3,4,2,1,unacc
1,0,3,4,1,3,unacc
1,0,3,4,1,2,unacc
1,0,3,4,1,1,unacc
1,0,3,5,0,3,unacc
1,0,3,5,0,2,unacc
1,0,3,5,0,1,unacc
1,0,3,5,2,3,unacc
1,0,3,5,2,2,unacc
1,0,3,5,2,1,unacc
1,0,3,5,1,3,unacc
1,0,3,5,1,2,unacc
1,0,3,5,1,1,unacc
1,0,4,2,0,3,unacc
1,0,4,2,0,2,unacc
1,0,4,2,0,1,unacc
1,0,4,2,2,3,unacc
1,0,4,2,2,2,unacc
1,0,4,2,2,1,unacc
1,0,4,2,1,3,unacc
1,0,4,2,1,2,unacc
1,0,4,2,1,1,unacc
1,0,4,4,0,3,unacc
1,0,4,4,0,2,unacc
1,0,4,4,0,1,unacc
1,0,4,4,2,3,unacc
1,0,4,4,2,2,unacc
1,0,4,4,2,1,unacc
1,0,4,4,1,3,unacc
1,0,4,4,1,2,unacc
1,0,4,4,1,1,unacc
1,0,4,5,0,3,unacc
1,0,4,5,0,2,unacc
1,0,4,5,0,1,unacc
1,0,4,5,2,3,unacc
1,0,4,5,2,2,unacc
1,0,4,5,2,1,unacc
1,0,4,5,1,3,unacc
1,0,4,5,1,2,unacc
1,0,4,5,1,1,unacc
1,0,5,2,0,3,unacc
1,0,5,2,0,2,unacc
1,0,5,2,0,1,unacc
1,0,5,2,2,3,unacc
1,0,5,2,2,2,unacc
1,0,5,2,2,1,unacc
1,0,5,2,1,3,unacc
1,0,5,2,1,2,unacc
1,0,5,2,1,1,unacc
1,0,5,4,0,3,unacc
1,0,5,4,0,2,unacc
1,0,5,4,0,1,unacc
1,0,5,4,2,3,unacc
1,0,5,4,2,2,unacc
1,0,5,4,2,1,unacc
1,0,5,4,1,3,unacc
1,0,5,4,1,2,unacc
1,0,5,4,1,1,unacc
1,0,5,5,0,3,unacc
1,0,5,5,0,2,unacc
1,0,5,5,0,1,unacc
1,0,5,5,2,3,unacc
1,0,5,5,2,2,unacc
1,0,5,5,2,1,unacc
1,0,5,5,1,3,unacc
1,0,5,5,1,2,unacc
1,0,5,5,1,1,unacc
1,1,2,2,0,3,unacc
1,1,2,2,0,2,unacc
1,1,2,2,0,1,unacc
1,1,2,2,2,3,unacc
1,1,2,2,2,2,unacc
1,1,2,2,2,1,unacc
1,1,2,2,1,3,unacc
1,1,2,2,1,2,unacc
1,1,2,2,1,1,unacc
1,1,2,4,0,3,unacc
1,1,2,4,0,2,unacc
1,1,2,4,0,1,acc
1,1,2,4,2,3,unacc
1,1,2,4,2,2,unacc
1,1,2,4,2,1,acc
1,1,2,4,1,3,unacc
1,1,2,4,1,2,acc
1,1,2,4,1,1,acc
1,1,2,5,0,3,unacc
1,1,2,5,0,2,unacc
1,1,2,5,0,1,unacc
1,1,2,5,2,3,unacc
1,1,2,5,2,2,unacc
1,1,2,5,2,1,acc
1,1,2,5,1,3,unacc
1,1,2,5,1,2,acc
1,1,2,5,1,1,acc
1,1,3,2,0,3,unacc
1,1,3,2,0,2,unacc
1,1,3,2,0,1,unacc
1,1,3,2,2,3,unacc
1,1,3,2,2,2,unacc
1,1,3,2,2,1,unacc
1,1,3,2,1,3,unacc
1,1,3,2,1,2,unacc
1,1,3,2,1,1,unacc
1,1,3,4,0,3,unacc
1,1,3,4,0,2,unacc
1,1,3,4,0,1,acc
1,1,3,4,2,3,unacc
1,1,3,4,2,2,unacc
1,1,3,4,2,1,acc
1,1,3,4,1,3,unacc
1,1,3,4,1,2,acc
1,1,3,4,1,1,acc
1,1,3,5,0,3,unacc
1,1,3,5,0,2,unacc
1,1,3,5,0,1,acc
1,1,3,5,2,3,unacc
1,1,3,5,2,2,acc
1,1,3,5,2,1,acc
1,1,3,5,1,3,unacc
1,1,3,5,1,2,acc
1,1,3,5,1,1,acc
1,1,4,2,0,3,unacc
1,1,4,2,0,2,unacc
1,1,4,2,0,1,unacc
1,1,4,2,2,3,unacc
1,1,4,2,2,2,unacc
1,1,4,2,2,1,unacc
1,1,4,2,1,3,unacc
1,1,4,2,1,2,unacc
1,1,4,2,1,1,unacc
1,1,4,4,0,3,unacc
1,1,4,4,0,2,unacc
1,1,4,4,0,1,acc
1,1,4,4,2,3,unacc
1,1,4,4,2,2,acc
1,1,4,4,2,1,acc
1,1,4,4,1,3,unacc
1,1,4,4,1,2,acc
1,1,4,4,1,1,acc
1,1,4,5,0,3,unacc
1,1,4,5,0,2,unacc
1,1,4,5,0,1,acc
1,1,4,5,2,3,unacc
1,1,4,5,2,2,acc
1,1,4,5,2,1,acc
1,1,4,5,1,3,unacc
1,1,4,5,1,2,acc
1,1,4,5,1,1,acc
1,1,5,2,0,3,unacc
1,1,5,2,0,2,unacc
1,1,5,2,0,1,unacc
1,1,5,2,2,3,unacc
1,1,5,2,2,2,unacc
1,1,5,2,2,1,unacc
1,1,5,2,1,3,unacc
1,1,5,2,1,2,unacc
1,1,5,2,1,1,unacc
1,1,5,4,0,3,unacc
1,1,5,4,0,2,unacc
1,1,5,4,0,1,acc
1,1,5,4,2,3,unacc
1,1,5,4,2,2,acc
1,1,5,4,2,1,acc
1,1,5,4,1,3,unacc
1,1,5,4,1,2,acc
1,1,5,4,1,1,acc
1,1,5,5,0,3,unacc
1,1,5,5,0,2,unacc
1,1,5,5,0,1,acc
1,1,5,5,2,3,unacc
1,1,5,5,2,2,acc
1,1,5,5,2,1,acc
1,1,5,5,1,3,unacc
1,1,5,5,1,2,acc
1,1,5,5,1,1,acc
1,2,2,2,0,3,unacc
1,2,2,2,0,2,unacc
1,2,2,2,0,1,unacc
1,2,2,2,2,3,unacc
1,2,2,2,2,2,unacc
1,2,2,2,2,1,unacc
1,2,2,2,1,3,unacc
1,2,2,2,1,2,unacc
1,2,2,2,1,1,unacc
1,2,2,4,0,3,unacc
1,2,2,4,0,2,unacc
1,2,2,4,0,1,acc
1,2,2,4,2,3,unacc
1,2,2,4,2,2,unacc
1,2,2,4,2,1,acc
1,2,2,4,1,3,unacc
1,2,2,4,1,2,acc
1,2,2,4,1,1,acc
1,2,2,5,0,3,unacc
1,2,2,5,0,2,unacc
1,2,2,5,0,1,unacc
1,2,2,5,2,3,unacc
1,2,2,5,2,2,unacc
1,2,2,5,2,1,acc
1,2,2,5,1,3,unacc
1,2,2,5,1,2,acc
1,2,2,5,1,1,acc
1,2,3,2,0,3,unacc
1,2,3,2,0,2,unacc
1,2,3,2,0,1,unacc
1,2,3,2,2,3,unacc
1,2,3,2,2,2,unacc
1,2,3,2,2,1,unacc
1,2,3,2,1,3,unacc
1,2,3,2,1,2,unacc
1,2,3,2,1,1,unacc
1,2,3,4,0,3,unacc
1,2,3,4,0,2,unacc
1,2,3,4,0,1,acc
1,2,3,4,2,3,unacc
1,2,3,4,2,2,unacc
1,2,3,4,2,1,acc
1,2,3,4,1,3,unacc
1,2,3,4,1,2,acc
1,2,3,4,1,1,acc
1,2,3,5,0,3,unacc
1,2,3,5,0,2,unacc
1,2,3,5,0,1,acc
1,2,3,5,2,3,unacc
1,2,3,5,2,2,acc
1,2,3,5,2,1,acc
1,2,3,5,1,3,unacc
1,2,3,5,1,2,acc
1,2,3,5,1,1,acc
1,2,4,2,0,3,unacc
1,2,4,2,0,2,unacc
1,2,4,2,0,1,unacc
1,2,4,2,2,3,unacc
1,2,4,2,2,2,unacc
1,2,4,2,2,1,unacc
1,2,4,2,1,3,unacc
1,2,4,2,1,2,unacc
1,2,4,2,1,1,unacc
1,2,4,4,0,3,unacc
1,2,4,4,0,2,unacc
1,2,4,4,0,1,acc
1,2,4,4,2,3,unacc
1,2,4,4,2,2,acc
1,2,4,4,2,1,acc
1,2,4,4,1,3,unacc
1,2,4,4,1,2,acc
1,2,4,4,1,1,acc
1,2,4,5,0,3,unacc
1,2,4,5,0,2,unacc
1,2,4,5,0,1,acc
1,2,4,5,2,3,unacc
1,2,4,5,2,2,acc
1,2,4,5,2,1,acc
1,2,4,5,1,3,unacc
1,2,4,5,1,2,acc
1,2,4,5,1,1,acc
1,2,5,2,0,3,unacc
1,2,5,2,0,2,unacc
1,2,5,2,0,1,unacc
1,2,5,2,2,3,unacc
1,2,5,2,2,2,unacc
1,2,5,2,2,1,unacc
1,2,5,2,1,3,unacc
1,2,5,2,1,2,unacc
1,2,5,2,1,1,unacc
1,2,5,4,0,3,unacc
1,2,5,4,0,2,unacc
1,2,5,4,0,1,acc
1,2,5,4,2,3,unacc
1,2,5,4,2,2,acc
1,2,5,4,2,1,acc
1,2,5,4,1,3,unacc
1,2,5,4,1,2,acc
1,2,5,4,1,1,acc
1,2,5,5,0,3,unacc
1,2,5,5,0,2,unacc
1,2,5,5,0,1,acc
1,2,5,5,2,3,unacc
1,2,5,5,2,2,acc
1,2,5,5,2,1,acc
1,2,5,5,1,3,unacc
1,2,5,5,1,2,acc
1,2,5,5,1,1,acc
1,3,2,2,0,3,unacc
1,3,2,2,0,2,unacc
1,3,2,2,0,1,unacc
1,3,2,2,2,3,unacc
1,3,2,2,2,2,unacc
1,3,2,2,2,1,unacc
1,3,2,2,1,3,unacc
1,3,2,2,1,2,unacc
1,3,2,2,1,1,unacc
1,3,2,4,0,3,unacc
1,3,2,4,0,2,unacc
1,3,2,4,0,1,acc
1,3,2,4,2,3,unacc
1,3,2,4,2,2,unacc
1,3,2,4,2,1,acc
1,3,2,4,1,3,unacc
1,3,2,4,1,2,acc
1,3,2,4,1,1,acc
1,3,2,5,0,3,unacc
1,3,2,5,0,2,unacc
1,3,2,5,0,1,unacc
1,3,2,5,2,3,unacc
1,3,2,5,2,2,unacc
1,3,2,5,2,1,acc
1,3,2,5,1,3,unacc
1,3,2,5,1,2,acc
1,3,2,5,1,1,acc
1,3,3,2,0,3,unacc
1,3,3,2,0,2,unacc
1,3,3,2,0,1,unacc
1,3,3,2,2,3,unacc
1,3,3,2,2,2,unacc
1,3,3,2,2,1,unacc
1,3,3,2,1,3,unacc
1,3,3,2,1,2,unacc
1,3,3,2,1,1,unacc
1,3,3,4,0,3,unacc
1,3,3,4,0,2,unacc
1,3,3,4,0,1,acc
1,3,3,4,2,3,unacc
1,3,3,4,2,2,unacc
1,3,3,4,2,1,acc
1,3,3,4,1,3,unacc
1,3,3,4,1,2,acc
1,3,3,4,1,1,acc
1,3,3,5,0,3,unacc
1,3,3,5,0,2,unacc
1,3,3,5,0,1,acc
1,3,3,5,2,3,unacc
1,3,3,5,2,2,acc
1,3,3,5,2,1,acc
1,3,3,5,1,3,unacc
1,3,3,5,1,2,acc
1,3,3,5,1,1,acc
1,3,4,2,0,3,unacc
1,3,4,2,0,2,unacc
1,3,4,2,0,1,unacc
1,3,4,2,2,3,unacc
1,3,4,2,2,2,unacc
1,3,4,2,2,1,unacc
1,3,4,2,1,3,unacc
1,3,4,2,1,2,unacc
1,3,4,2,1,1,unacc
1,3,4,4,0,3,unacc
1,3,4,4,0,2,unacc
1,3,4,4,0,1,acc
1,3,4,4,2,3,unacc
1,3,4,4,2,2,acc
1,3,4,4,2,1,acc
1,3,4,4,1,3,unacc
1,3,4,4,1,2,acc
1,3,4,4,1,1,acc
1,3,4,5,0,3,unacc
1,3,4,5,0,2,unacc
1,3,4,5,0,1,acc
1,3,4,5,2,3,unacc
1,3,4,5,2,2,acc
1,3,4,5,2,1,acc
1,3,4,5,1,3,unacc
1,3,4,5,1,2,acc
1,3,4,5,1,1,acc
1,3,5,2,0,3,unacc
1,3,5,2,0,2,unacc
1,3,5,2,0,1,unacc
1,3,5,2,2,3,unacc
1,3,5,2,2,2,unacc
1,3,5,2,2,1,unacc
1,3,5,2,1,3,unacc
1,3,5,2,1,2,unacc
1,3,5,2,1,1,unacc
1,3,5,4,0,3,unacc
1,3,5,4,0,2,unacc
1,3,5,4,0,1,acc
1,3,5,4,2,3,unacc
1,3,5,4,2,2,acc
1,3,5,4,2,1,acc
1,3,5,4,1,3,unacc
1,3,5,4,1,2,acc
1,3,5,4,1,1,acc
1,3,5,5,0,3,unacc
1,3,5,5,0,2,unacc
1,3,5,5,0,1,acc
1,3,5,5,2,3,unacc
1,3,5,5,2,2,acc
1,3,5,5,2,1,acc
1,3,5,5,1,3,unacc
1,3,5,5,1,2,acc
1,3,5,5,1,1,acc
2,0,2,2,0,3,unacc
2,0,2,2,0,2,unacc
2,0,2,2,0,1,unacc
2,0,2,2,2,3,unacc
2,0,2,2,2,2,unacc
2,0,2,2,2,1,unacc
2,0,2,2,1,3,unacc
2,0,2,2,1,2,unacc
2,0,2,2,1,1,unacc
2,0,2,4,0,3,unacc
2,0,2,4,0,2,unacc
2,0,2,4,0,1,acc
2,0,2,4,2,3,unacc
2,0,2,4,2,2,unacc
2,0,2,4,2,1,acc
2,0,2,4,1,3,unacc
2,0,2,4,1,2,acc
2,0,2,4,1,1,acc
2,0,2,5,0,3,unacc
2,0,2,5,0,2,unacc
2,0,2,5,0,1,unacc
2,0,2,5,2,3,unacc
2,0,2,5,2,2,unacc
2,0,2,5,2,1,acc
2,0,2,5,1,3,unacc
2,0,2,5,1,2,acc
2,0,2,5,1,1,acc
2,0,3,2,0,3,unacc
2,0,3,2,0,2,unacc
2,0,3,2,0,1,unacc
2,0,3,2,2,3,unacc
2,0,3,2,2,2,unacc
2,0,3,2,2,1,unacc
2,0,3,2,1,3,unacc
2,0,3,2,1,2,unacc
2,0,3,2,1,1,unacc
2,0,3,4,0,3,unacc
2,0,3,4,0,2,unacc
2,0,3,4,0,1,acc
2,0,3,4,2,3,unacc
2,0,3,4,2,2,unacc
2,0,3,4,2,1,acc
2,0,3,4,1,3,unacc
2,0,3,4,1,2,acc
2,0,3,4,1,1,acc
2,0,3,5,0,3,unacc
2,0,3,5,0,2,unacc
2,0,3,5,0,1,acc
2,0,3,5,2,3,unacc
2,0,3,5,2,2,acc
2,0,3,5,2,1,acc
2,0,3,5,1,3,unacc
2,0,3,5,1,2,acc
2,0,3,5,1,1,acc
2,0,4,2,0,3,unacc
2,0,4,2,0,2,unacc
2,0,4,2,0,1,unacc
2,0,4,2,2,3,unacc
2,0,4,2,2,2,unacc
2,0,4,2,2,1,unacc
2,0,4,2,1,3,unacc
2,0,4,2,1,2,unacc
2,0,4,2,1,1,unacc
2,0,4,4,0,3,unacc
2,0,4,4,0,2,unacc
2,0,4,4,0,1,acc
2,0,4,4,2,3,unacc
2,0,4,4,2,2,acc
2,0,4,4,2,1,acc
2,0,4,4,1,3,unacc
2,0,4,4,1,2,acc
2,0,4,4,1,1,acc
2,0,4,5,0,3,unacc
2,0,4,5,0,2,unacc
2,0,4,5,0,1,acc
2,0,4,5,2,3,unacc
2,0,4,5,2,2,acc
2,0,4,5,2,1,acc
2,0,4,5,1,3,unacc
2,0,4,5,1,2,acc
2,0,4,5,1,1,acc
2,0,5,2,0,3,unacc
2,0,5,2,0,2,unacc
2,0,5,2,0,1,unacc
2,0,5,2,2,3,unacc
2,0,5,2,2,2,unacc
2,0,5,2,2,1,unacc
2,0,5,2,1,3,unacc
2,0,5,2,1,2,unacc
2,0,5,2,1,1,unacc
2,0,5,4,0,3,unacc
2,0,5,4,0,2,unacc
2,0,5,4,0,1,acc
2,0,5,4,2,3,unacc
2,0,5,4,2,2,acc
2,0,5,4,2,1,acc
2,0,5,4,1,3,unacc
2,0,5,4,1,2,acc
2,0,5,4,1,1,acc
2,0,5,5,0,3,unacc
2,0,5,5,0,2,unacc
2,0,5,5,0,1,acc
2,0,5,5,2,3,unacc
2,0,5,5,2,2,acc
2,0,5,5,2,1,acc
2,0,5,5,1,3,unacc
2,0,5,5,1,2,acc
2,0,5,5,1,1,acc
2,1,2,2,0,3,unacc
2,1,2,2,0,2,unacc
2,1,2,2,0,1,unacc
2,1,2,2,2,3,unacc
2,1,2,2,2,2,unacc
2,1,2,2,2,1,unacc
2,1,2,2,1,3,unacc
2,1,2,2,1,2,unacc
2,1,2,2,1,1,unacc
2,1,2,4,0,3,unacc
2,1,2,4,0,2,unacc
2,1,2,4,0,1,acc
2,1,2,4,2,3,unacc
2,1,2,4,2,2,unacc
2,1,2,4,2,1,acc
2,1,2,4,1,3,unacc
2,1,2,4,1,2,acc
2,1,2,4,1,1,acc
2,1,2,5,0,3,unacc
2,1,2,5,0,2,unacc
2,1,2,5,0,1,unacc
2,1,2,5,2,3,unacc
2,1,2,5,2,2,unacc
2,1,2,5,2,1,acc
2,1,2,5,1,3,unacc
2,1,2,5,1,2,acc
2,1,2,5,1,1,acc
2,1,3,2,0,3,unacc
2,1,3,2,0,2,unacc
2,1,3,2,0,1,unacc
2,1,3,2,2,3,unacc
2,1,3,2,2,2,unacc
2,1,3,2,2,1,unacc
2,1,3,2,1,3,unacc
2,1,3,2,1,2,unacc
2,1,3,2,1,1,unacc
2,1,3,4,0,3,unacc
2,1,3,4,0,2,unacc
2,1,3,4,0,1,acc
2,1,3,4,2,3,unacc
2,1,3,4,2,2,unacc
2,1,3,4,2,1,acc
2,1,3,4,1,3,unacc
2,1,3,4,1,2,acc
2,1,3,4,1,1,acc
2,1,3,5,0,3,unacc
2,1,3,5,0,2,unacc
2,1,3,5,0,1,acc
2,1,3,5,2,3,unacc
2,1,3,5,2,2,acc
2,1,3,5,2,1,acc
2,1,3,5,1,3,unacc
2,1,3,5,1,2,acc
2,1,3,5,1,1,acc
2,1,4,2,0,3,unacc
2,1,4,2,0,2,unacc
2,1,4,2,0,1,unacc
2,1,4,2,2,3,unacc
2,1,4,2,2,2,unacc
2,1,4,2,2,1,unacc
2,1,4,2,1,3,unacc
2,1,4,2,1,2,unacc
2,1,4,2,1,1,unacc
2,1,4,4,0,3,unacc
2,1,4,4,0,2,unacc
2,1,4,4,0,1,acc
2,1,4,4,2,3,unacc
2,1,4,4,2,2,acc
2,1,4,4,2,1,acc
2,1,4,4,1,3,unacc
2,1,4,4,1,2,acc
2,1,4,4,1,1,acc
2,1,4,5,0,3,unacc
2,1,4,5,0,2,unacc
2,1,4,5,0,1,acc
2,1,4,5,2,3,unacc
2,1,4,5,2,2,acc
2,1,4,5,2,1,acc
2,1,4,5,1,3,unacc
2,1,4,5,1,2,acc
2,1,4,5,1,1,acc
2,1,5,2,0,3,unacc
2,1,5,2,0,2,unacc
2,1,5,2,0,1,unacc
2,1,5,2,2,3,unacc
2,1,5,2,2,2,unacc
2,1,5,2,2,1,unacc
2,1,5,2,1,3,unacc
2,1,5,2,1,2,unacc
2,1,5,2,1,1,unacc
2,1,5,4,0,3,unacc
2,1,5,4,0,2,unacc
2,1,5,4,0,1,acc
2,1,5,4,2,3,unacc
2,1,5,4,2,2,acc
2,1,5,4,2,1,acc
2,1,5,4,1,3,unacc
2,1,5,4,1,2,acc
2,1,5,4,1,1,acc
2,1,5,5,0,3,unacc
2,1,5,5,0,2,unacc
2,1,5,5,0,1,acc
2,1,5,5,2,3,unacc
2,1,5,5,2,2,acc
2,1,5,5,2,1,acc
2,1,5,5,1,3,unacc
2,1,5,5,1,2,acc
2,1,5,5,1,1,acc
2,2,2,2,0,3,unacc
2,2,2,2,0,2,unacc
2,2,2,2,0,1,unacc
2,2,2,2,2,3,unacc
2,2,2,2,2,2,unacc
2,2,2,2,2,1,unacc
2,2,2,2,1,3,unacc
2,2,2,2,1,2,unacc
2,2,2,2,1,1,unacc
2,2,2,4,0,3,unacc
2,2,2,4,0,2,acc
2,2,2,4,0,1,acc
2,2,2,4,2,3,unacc
2,2,2,4,2,2,acc
2,2,2,4,2,1,acc
2,2,2,4,1,3,unacc
2,2,2,4,1,2,acc
2,2,2,5,0,3,unacc
2,2,2,5,0,2,unacc
2,2,2,5,0,1,unacc
2,2,2,5,2,3,unacc
2,2,2,5,2,2,acc
2,2,2,5,2,1,acc
2,2,2,5,1,3,unacc
2,2,2,5,1,2,acc
2,2,3,2,0,3,unacc
2,2,3,2,0,2,unacc
2,2,3,2,0,1,unacc
2,2,3,2,2,3,unacc
2,2,3,2,2,2,unacc
2,2,3,2,2,1,unacc
2,2,3,2,1,3,unacc
2,2,3,2,1,2,unacc
2,2,3,2,1,1,unacc
2,2,3,4,0,3,unacc
2,2,3,4,0,2,acc
2,2,3,4,0,1,acc
2,2,3,4,2,3,unacc
2,2,3,4,2,2,acc
2,2,3,4,2,1,acc
2,2,3,4,1,3,unacc
2,2,3,4,1,2,acc
2,2,3,5,0,3,unacc
2,2,3,5,0,2,acc
2,2,3,5,0,1,acc
2,2,3,5,2,3,unacc
2,2,3,5,2,2,acc
2,2,3,5,1,3,unacc
2,2,3,5,1,2,acc
2,2,4,2,0,3,unacc
2,2,4,2,0,2,unacc
2,2,4,2,0,1,unacc
2,2,4,2,2,3,unacc
2,2,4,2,2,2,unacc
2,2,4,2,2,1,unacc
2,2,4,2,1,3,unacc
2,2,4,2,1,2,unacc
2,2,4,2,1,1,unacc
2,2,4,4,0,3,unacc
2,2,4,4,0,2,acc
2,2,4,4,0,1,acc
2,2,4,4,2,3,unacc
2,2,4,4,2,2,acc
2,2,4,4,1,3,unacc
2,2,4,4,1,2,acc
2,2,4,5,0,3,unacc
2,2,4,5,0,2,acc
2,2,4,5,0,1,acc
2,2,4,5,2,3,unacc
2,2,4,5,2,2,acc
2,2,4,5,1,3,unacc
2,2,4,5,1,2,acc
2,2,5,2,0,3,unacc
2,2,5,2,0,2,unacc
2,2,5,2,0,1,unacc
2,2,5,2,2,3,unacc
2,2,5,2,2,2,unacc
2,2,5,2,2,1,unacc
2,2,5,2,1,3,unacc
2,2,5,2,1,2,unacc
2,2,5,2,1,1,unacc
2,2,5,4,0,3,unacc
2,2,5,4,0,2,acc
2,2,5,4,0,1,acc
2,2,5,4,2,3,unacc
2,2,5,4,2,2,acc
2,2,5,4,1,3,unacc
2,2,5,4,1,2,acc
2,2,5,5,0,3,unacc
2,2,5,5,0,2,acc
2,2,5,5,0,1,acc
2,2,5,5,2,3,unacc
2,2,5,5,2,2,acc
2,2,5,5,1,3,unacc
2,2,5,5,1,2,acc
2,3,2,2,0,3,unacc
2,3,2,2,0,2,unacc
2,3,2,2,0,1,unacc
2,3,2,2,2,3,unacc
2,3,2,2,2,2,unacc
2,3,2,2,2,1,unacc
2,3,2,2,1,3,unacc
2,3,2,2,1,2,unacc
2,3,2,2,1,1,unacc
2,3,2,4,0,3,unacc
2,3,2,4,0,2,acc
2,3,2,4,2,3,unacc
2,3,2,4,2,2,acc
2,3,2,4,1,3,unacc
2,3,2,5,0,3,unacc
2,3,2,5,0,2,unacc
2,3,2,5,0,1,unacc
2,3,2,5,2,3,unacc
2,3,2,5,2,2,acc
2,3,2,5,1,3,unacc
2,3,3,2,0,3,unacc
2,3,3,2,0,2,unacc
2,3,3,2,0,1,unacc
2,3,3,2,2,3,unacc
2,3,3,2,2,2,unacc
2,3,3,2,2,1,unacc
2,3,3,2,1,3,unacc
2,3,3,2,1,2,unacc
2,3,3,2,1,1,unacc
2,3,3,4,0,3,unacc
2,3,3,4,0,2,acc
2,3,3,4,2,3,unacc
2,3,3,4,2,2,acc
2,3,3,4,1,3,unacc
2,3,3,5,0,3,unacc
2,3,3,5,0,2,acc
2,3,3,5,2,3,unacc
2,3,3,5,1,3,unacc
2,3,4,2,0,3,unacc
2,3,4,2,0,2,unacc
2,3,4,2,0,1,unacc
2,3,4,2,2,3,unacc
2,3,4,2,2,2,unacc
2,3,4,2,2,1,unacc
2,3,4,2,1,3,unacc
2,3,4,2,1,2,unacc
2,3,4,2,1,1,unacc
2,3,4,4,0,3,unacc
2,3,4,4,0,2,acc
2,3,4,4,2,3,unacc
2,3,4,4,1,3,unacc
2,3,4,5,0,3,unacc
2,3,4,5,0,2,acc
2,3,4,5,2,3,unacc
2,3,4,5,1,3,unacc
2,3,5,2,0,3,unacc
2,3,5,2,0,2,unacc
2,3,5,2,0,1,unacc
2,3,5,2,2,3,unacc
2,3,5,2,2,2,unacc
2,3,5,2,2,1,unacc
2,3,5,2,1,3,unacc
2,3,5,2,1,2,unacc
2,3,5,2,1,1,unacc
2,3,5,4,0,3,unacc
2,3,5,4,0,2,acc
2,3,5,4,2,3,unacc
2,3,5,4,1,3,unacc
2,3,5,5,0,3,unacc
2,3,5,5,0,2,acc
2,3,5,5,2,3,unacc
2,3,5,5,1,3,unacc
3,0,2,2,0,3,unacc
3,0,2,2,0,2,unacc
3,0,2,2,0,1,unacc
3,0,2,2,2,3,unacc
3,0,2,2,2,2,unacc
3,0,2,2,2,1,unacc
3,0,2,2,1,3,unacc
3,0,2,2,1,2,unacc
3,0,2,2,1,1,unacc
3,0,2,4,0,3,unacc
3,0,2,4,0,2,unacc
3,0,2,4,0,1,acc
3,0,2,4,2,3,unacc
3,0,2,4,2,2,unacc
3,0,2,4,2,1,acc
3,0,2,4,1,3,unacc
3,0,2,4,1,2,acc
3,0,2,4,1,1,acc
3,0,2,5,0,3,unacc
3,0,2,5,0,2,unacc
3,0,2,5,0,1,unacc
3,0,2,5,2,3,unacc
3,0,2,5,2,2,unacc
3,0,2,5,2,1,acc
3,0,2,5,1,3,unacc
3,0,2,5,1,2,acc
3,0,2,5,1,1,acc
3,0,3,2,0,3,unacc
3,0,3,2,0,2,unacc
3,0,3,2,0,1,unacc
3,0,3,2,2,3,unacc
3,0,3,2,2,2,unacc
3,0,3,2,2,1,unacc
3,0,3,2,1,3,unacc
3,0,3,2,1,2,unacc
3,0,3,2,1,1,unacc
3,0,3,4,0,3,unacc
3,0,3,4,0,2,unacc
3,0,3,4,0,1,acc
3,0,3,4,2,3,unacc
3,0,3,4,2,2,unacc
3,0,3,4,2,1,acc
3,0,3,4,1,3,unacc
3,0,3,4,1,2,acc
3,0,3,4,1,1,acc
3,0,3,5,0,3,unacc
3,0,3,5,0,2,unacc
3,0,3,5,0,1,acc
3,0,3,5,2,3,unacc
3,0,3,5,2,2,acc
3,0,3,5,2,1,acc
3,0,3,5,1,3,unacc
3,0,3,5,1,2,acc
3,0,3,5,1,1,acc
3,0,4,2,0,3,unacc
3,0,4,2,0,2,unacc
3,0,4,2,0,1,unacc
3,0,4,2,2,3,unacc
3,0,4,2,2,2,unacc
3,0,4,2,2,1,unacc
3,0,4,2,1,3,unacc
3,0,4,2,1,2,unacc
3,0,4,2,1,1,unacc
3,0,4,4,0,3,unacc
3,0,4,4,0,2,unacc
3,0,4,4,0,1,acc
3,0,4,4,2,3,unacc
3,0,4,4,2,2,acc
3,0,4,4,2,1,acc
3,0,4,4,1,3,unacc
3,0,4,4,1,2,acc
3,0,4,4,1,1,acc
3,0,4,5,0,3,unacc
3,0,4,5,0,2,unacc
3,0,4,5,0,1,acc
3,0,4,5,2,3,unacc
3,0,4,5,2,2,acc
3,0,4,5,2,1,acc
3,0,4,5,1,3,unacc
3,0,4,5,1,2,acc
3,0,4,5,1,1,acc
3,0,5,2,0,3,unacc
3,0,5,2,0,2,unacc
3,0,5,2,0,1,unacc
3,0,5,2,2,3,unacc
3,0,5,2,2,2,unacc
3,0,5,2,2,1,unacc
3,0,5,2,1,3,unacc
3,0,5,2,1,2,unacc
3,0,5,2,1,1,unacc
3,0,5,4,0,3,unacc
3,0,5,4,0,2,unacc
3,0,5,4,0,1,acc
3,0,5,4,2,3,unacc
3,0,5,4,2,2,acc
3,0,5,4,2,1,acc
3,0,5,4,1,3,unacc
3,0,5,4,1,2,acc
3,0,5,4,1,1,acc
3,0,5,5,0,3,unacc
3,0,5,5,0,2,unacc
3,0,5,5,0,1,acc
3,0,5,5,2,3,unacc
3,0,5,5,2,2,acc
3,0,5,5,2,1,acc
3,0,5,5,1,3,unacc
3,0,5,5,1,2,acc
3,0,5,5,1,1,acc
3,1,2,2,0,3,unacc
3,1,2,2,0,2,unacc
3,1,2,2,0,1,unacc
3,1,2,2,2,3,unacc
3,1,2,2,2,2,unacc
3,1,2,2,2,1,unacc
3,1,2,2,1,3,unacc
3,1,2,2,1,2,unacc
3,1,2,2,1,1,unacc
3,1,2,4,0,3,unacc
3,1,2,4,0,2,acc
3,1,2,4,0,1,acc
3,1,2,4,2,3,unacc
3,1,2,4,2,2,acc
3,1,2,4,2,1,acc
3,1,2,4,1,3,unacc
3,1,2,4,1,2,acc
3,1,2,5,0,3,unacc
3,1,2,5,0,2,unacc
3,1,2,5,0,1,unacc
3,1,2,5,2,3,unacc
3,1,2,5,2,2,acc
3,1,2,5,2,1,acc
3,1,2,5,1,3,unacc
3,1,2,5,1,2,acc
3,1,3,2,0,3,unacc
3,1,3,2,0,2,unacc
3,1,3,2,0,1,unacc
3,1,3,2,2,3,unacc
3,1,3,2,2,2,unacc
3,1,3,2,2,1,unacc
3,1,3,2,1,3,unacc
3,1,3,2,1,2,unacc
3,1,3,2,1,1,unacc
3,1,3,4,0,3,unacc
3,1,3,4,0,2,acc
3,1,3,4,0,1,acc
3,1,3,4,2,3,unacc
3,1,3,4,2,2,acc
3,1,3,4,2,1,acc
3,1,3,4,1,3,unacc
3,1,3,4,1,2,acc
3,1,3,5,0,3,unacc
3,1,3,5,0,2,acc
3,1,3,5,0,1,acc
3,1,3,5,2,3,unacc
3,1,3,5,2,2,acc
3,1,3,5,1,3,unacc
3,1,3,5,1,2,acc
3,1,4,2,0,3,unacc
3,1,4,2,0,2,unacc
3,1,4,2,0,1,unacc
3,1,4,2,2,3,unacc
3,1,4,2,2,2,unacc
3,1,4,2,2,1,unacc
3,1,4,2,1,3,unacc
3,1,4,2,1,2,unacc
3,1,4,2,1,1,unacc
3,1,4,4,0,3,unacc
3,1,4,4,0,2,acc
3,1,4,4,0,1,acc
3,1,4,4,2,3,unacc
3,1,4,4,2,2,acc
3,1,4,4,1,3,unacc
3,1,4,4,1,2,acc
3,1,4,5,0,3,unacc
3,1,4,5,0,2,acc
3,1,4,5,0,1,acc
3,1,4,5,2,3,unacc
3,1,4,5,2,2,acc
3,1,4,5,1,3,unacc
3,1,4,5,1,2,acc
3,1,5,2,0,3,unacc
3,1,5,2,0,2,unacc
3,1,5,2,0,1,unacc
3,1,5,2,2,3,unacc
3,1,5,2,2,2,unacc
3,1,5,2,2,1,unacc
3,1,5,2,1,3,unacc
3,1,5,2,1,2,unacc
3,1,5,2,1,1,unacc
3,1,5,4,0,3,unacc
3,1,5,4,0,2,acc
3,1,5,4,0,1,acc
3,1,5,4,2,3,unacc
3,1,5,4,2,2,acc
3,1,5,4,1,3,unacc
3,1,5,4,1,2,acc
3,1,5,5,0,3,unacc
3,1,5,5,0,2,acc
3,1,5,5,0,1,acc
3,1,5,5,2,3,unacc
3,1,5,5,2,2,acc
3,1,5,5,1,3,unacc
3,1,5,5,1,2,acc
3,2,2,2,0,3,unacc
3,2,2,2,0,2,unacc
3,2,2,2,0,1,unacc
3,2,2,2,2,3,unacc
3,2,2,2,2,2,unacc
3,2,2,2,2,1,unacc
3,2,2,2,1,3,unacc
3,2,2,2,1,2,unacc
3,2,2,2,1,1,unacc
3,2,2,4,0,3,unacc
3,2,2,4,0,2,acc
3,2,2,4,2,3,unacc
3,2,2,4,2,2,acc
3,2,2,4,1,3,unacc
3,2,2,5,0,3,unacc
3,2,2,5,0,2,unacc
3,2,2,5,0,1,unacc
3,2,2,5,2,3,unacc
3,2,2,5,2,2,acc
3,2,2,5,1,3,unacc
3,2,3,2,0,3,unacc
3,2,3,2,0,2,unacc
3,2,3,2,0,1,unacc
3,2,3,2,2,3,unacc
3,2,3,2,2,2,unacc
3,2,3,2,2,1,unacc
3,2,3,2,1,3,unacc
3,2,3,2,1,2,unacc
3,2,3,2,1,1,unacc
3,2,3,4,0,3,unacc
3,2,3,4,0,2,acc
3,2,3,4,2,3,unacc
3,2,3,4,2,2,acc
3,2,3,4,1,3,unacc
3,2,3,5,0,3,unacc
3,2,3,5,0,2,acc
3,2,3,5,2,3,unacc
3,2,3,5,1,3,unacc
3,2,4,2,0,3,unacc
3,2,4,2,0,2,unacc
3,2,4,2,0,1,unacc
3,2,4,2,2,3,unacc
3,2,4,2,2,2,unacc
3,2,4,2,2,1,unacc
3,2,4,2,1,3,unacc
3,2,4,2,1,2,unacc
3,2,4,2,1,1,unacc
3,2,4,4,0,3,unacc
3,2,4,4,0,2,acc
3,2,4,4,2,3,unacc
3,2,4,4,1,3,unacc
3,2,4,5,0,3,unacc
3,2,4,5,0,2,acc
3,2,4,5,2,3,unacc
3,2,4,5,1,3,unacc
3,2,5,2,0,3,unacc
3,2,5,2,0,2,unacc
3,2,5,2,0,1,unacc
3,2,5,2,2,3,unacc
3,2,5,2,2,2,unacc
3,2,5,2,2,1,unacc
3,2,5,2,1,3,unacc
3,2,5,2,1,2,unacc
3,2,5,2,1,1,unacc
3,2,5,4,0,3,unacc
3,2,5,4,0,2,acc
3,2,5,4,2,3,unacc
3,2,5,4,1,3,unacc
3,2,5,5,0,3,unacc
3,2,5,5,0,2,acc
3,2,5,5,2,3,unacc
3,2,5,5,1,3,unacc
3,3,2,2,0,3,unacc
3,3,2,2,0,2,unacc
3,3,2,2,0,1,unacc
3,3,2,2,2,3,unacc
3,3,2,2,2,2,unacc
3,3,2,2,2,1,unacc
3,3,2,2,1,3,unacc
3,3,2,2,1,2,unacc
3,3,2,2,1,1,unacc
3,3,2,4,0,3,unacc
3,3,2,4,0,2,acc
3,3,2,4,2,3,unacc
3,3,2,4,2,2,acc
3,3,2,4,1,3,unacc
3,3,2,5,0,3,unacc
3,3,2,5,0,2,unacc
3,3,2,5,0,1,unacc
3,3,2,5,2,3,unacc
3,3,2,5,2,2,acc
3,3,2,5,1,3,unacc
3,3,3,2,0,3,unacc
3,3,3,2,0,2,unacc
3,3,3,2,0,1,unacc
3,3,3,2,2,3,unacc
3,3,3,2,2,2,unacc
3,3,3,2,2,1,unacc
3,3,3,2,1,3,unacc
3,3,3,2,1,2,unacc
3,3,3,2,1,1,unacc
3,3,3,4,0,3,unacc
3,3,3,4,0,2,acc
3,3,3,4,2,3,unacc
3,3,3,4,2,2,acc
3,3,3,4,1,3,unacc
3,3,3,5,0,3,unacc
3,3,3,5,0,2,acc
3,3,3,5,2,3,unacc
3,3,3,5,1,3,unacc
3,3,4,2,0,3,unacc
3,3,4,2,0,2,unacc
3,3,4,2,0,1,unacc
3,3,4,2,2,3,unacc
3,3,4,2,2,2,unacc
3,3,4,2,2,1,unacc
3,3,4,2,1,3,unacc
3,3,4,2,1,2,unacc
3,3,4,2,1,1,unacc
3,3,4,4,0,3,unacc
3,3,4,4,0,2,acc
3,3,4,4,2,3,unacc
3,3,4,4,1,3,unacc
3,3,4,5,0,3,unacc
3,3,4,5,0,2,acc
3,3,4,5,2,3,unacc
3,3,4,5,1,3,unacc
3,3,5,2,0,3,unacc
3,3,5,2,0,2,unacc
3,3,5,2,0,1,unacc
3,3,5,2,2,3,unacc
3,3,5,2,2,2,unacc
3,3,5,2,2,1,unacc
3,3,5,2,1,3,unacc
3,3,5,2,1,2,unacc
3,3,5,2,1,1,unacc
3,3,5,4,0,3,unacc
3,3,5,4,0,2,acc
3,3,5,4,2,3,unacc
3,3,5,4,1,3,unacc
3,3,5,5,0,3,unacc
3,3,5,5,0,2,acc
3,3,5,5,2,3,unacc
3,3,5,5,1,3,unacc

