M,0.455,0.365,0.095,0.514,0.2245,0.101,0.15,15
M,0.44,0.365,0.125,0.516,0.2155,0.114,0.155,10
F,0.53,0.415,0.15,0.7775,0.237,0.1415,0.33,20
F,0.525,0.38,0.14,0.6065,0.194,0.1475,0.21,14
F,0.535,0.405,0.145,0.6845,0.2725,0.171,0.205,10
I,0.355,0.28,0.085,0.2905,0.095,0.0395,0.115,7
M,0.355,0.28,0.095,0.2455,0.0955,0.062,0.075,11
F,0.55,0.415,0.135,0.7635,0.318,0.21,0.2,9
F,0.58,0.45,0.185,0.9955,0.3945,0.272,0.285,11
M,0.58,0.47,0.165,0.9975,0.3935,0.242,0.33,10
F,0.68,0.55,0.175,1.798,0.815,0.3925,0.455,19
F,0.54,0.475,0.155,1.217,0.5305,0.3075,0.34,16
F,0.45,0.335,0.105,0.425,0.1865,0.091,0.115,9
I,0.205,0.15,0.055,0.042,0.0255,0.015,0.012,5
M,0.47,0.37,0.12,0.5795,0.293,0.227,0.14,9
I,0.52,0.41,0.12,0.595,0.2385,0.111,0.19,8
F,0.47,0.36,0.12,0.4775,0.2105,0.1055,0.15,10
M,0.445,0.35,0.12,0.4425,0.192,0.0955,0.135,8
M,0.45,0.345,0.105,0.4115,0.18,0.1125,0.135,7
M,0.425,0.325,0.095,0.3785,0.1705,0.08,0.1,7
F,0.565,0.44,0.16,0.915,0.354,0.1935,0.32,12
M,0.555,0.425,0.13,0.7665,0.264,0.168,0.275,13
M,0.57,0.48,0.175,1.185,0.474,0.261,0.38,11
M,0.595,0.475,0.14,0.944,0.3625,0.189,0.315,9
F,0.575,0.445,0.14,0.941,0.3845,0.252,0.285,9
M,0.595,0.475,0.16,1.3175,0.408,0.234,0.58,21
M,0.625,0.465,0.14,1.195,0.4825,0.205,0.4,13
M,0.565,0.425,0.135,0.8115,0.341,0.1675,0.255,15
F,0.625,0.495,0.165,1.262,0.507,0.318,0.39,10
M,0.535,0.435,0.15,0.725,0.269,0.1385,0.25,9
I,0.36,0.265,0.095,0.2315,0.105,0.046,0.075,7
M,0.53,0.415,0.14,0.724,0.3105,0.1675,0.205,10
F,0.545,0.43,0.165,0.802,0.2935,0.183,0.28,11
M,0.495,0.395,0.125,0.5415,0.2375,0.1345,0.155,9
M,0.425,0.35,0.105,0.393,0.13,0.063,0.165,9
F,0.49,0.375,0.135,0.6125,0.2555,0.102,0.22,11
F,0.47,0.365,0.105,0.4205,0.163,0.1035,0.14,9
M,0.37,0.265,0.075,0.214,0.09,0.051,0.07,6
I,0.375,0.275,0.09,0.238,0.1075,0.0545,0.07,6
M,0.595,0.48,0.165,1.262,0.4835,0.283,0.41,17
I,0.35,0.26,0.095,0.211,0.086,0.056,0.068,7
F,0.305,0.23,0.08,0.156,0.0675,0.0345,0.048,7
F,0.565,0.445,0.155,0.826,0.341,0.2055,0.2475,10
M,0.56,0.455,0.155,0.797,0.34,0.19,0.2425,11
M,0.46,0.35,0.12,0.515,0.224,0.108,0.1565,10
M,0.59,0.475,0.145,1.053,0.4415,0.262,0.325,15
F,0.605,0.485,0.16,1.0565,0.37,0.2355,0.355,10
F,0.575,0.46,0.19,0.994,0.392,0.2425,0.34,13
M,0.605,0.465,0.165,1.056,0.4215,0.2475,0.34,13
F,0.725,0.56,0.21,2.141,0.65,0.398,1.005,18
F,0.725,0.575,0.175,2.124,0.765,0.4515,0.85,20
M,0.695,0.55,0.215,1.9565,0.7125,0.541,0.59,14
F,0.52,0.405,0.115,0.776,0.32,0.1845,0.22,8
I,0.315,0.21,0.06,0.125,0.06,0.0375,0.035,5
M,0.57,0.48,0.18,0.9395,0.399,0.2,0.295,14
F,0.62,0.475,0.175,1.0165,0.4355,0.214,0.325,10
F,0.63,0.48,0.15,1.0525,0.392,0.336,0.285,12
M,0.615,0.48,0.18,1.1595,0.4845,0.2165,0.325,13
I,0.355,0.275,0.085,0.22,0.092,0.06,0.15,8
F,0.505,0.41,0.15,0.644,0.285,0.145,0.21,11
F,0.45,0.345,0.12,0.4165,0.1655,0.095,0.135,9
F,0.53,0.435,0.17,0.8155,0.2985,0.155,0.275,13
I,0.4,0.3,0.11,0.315,0.109,0.067,0.12,9
F,0.49,0.365,0.145,0.6345,0.1995,0.1625,0.22,10
M,0.5,0.405,0.14,0.6155,0.241,0.1355,0.205,9
M,0.45,0.35,0.13,0.46,0.174,0.111,0.135,8
F,0.445,0.325,0.125,0.455,0.1785,0.1125,0.14,9
F,0.445,0.355,0.15,0.485,0.181,0.125,0.155,11
F,0.39,0.29,0.125,0.3055,0.121,0.082,0.09,7
M,0.555,0.445,0.135,0.836,0.336,0.1625,0.275,13
I,0.275,0.215,0.075,0.1155,0.0485,0.029,0.035,7
I,0.075,0.055,0.01,0.002,0.001,0.0005,0.0015,1
M,0.565,0.425,0.16,0.9425,0.3495,0.2185,0.275,17
I,0.3,0.23,0.08,0.1275,0.0435,0.0265,0.04,8
I,0.32,0.245,0.08,0.1585,0.0635,0.0325,0.05,13
I,0.33,0.25,0.105,0.1715,0.0655,0.035,0.06,7
F,0.575,0.46,0.185,1.094,0.4485,0.217,0.345,15
M,0.56,0.45,0.185,1.07,0.3805,0.175,0.41,19
F,0.54,0.475,0.155,0.928,0.394,0.194,0.26,11
I,0.245,0.195,0.06,0.095,0.0445,0.0245,0.026,4
M,0.52,0.45,0.15,0.895,0.3615,0.186,0.235,14
F,0.64,0.525,0.215,1.779,0.4535,0.2855,0.55,22
M,0.63,0.505,0.225,1.525,0.56,0.3335,0.45,15
F,0.66,0.53,0.185,1.3485,0.493,0.245,0.49,12
F,0.535,0.415,0.185,0.8415,0.314,0.1585,0.3,15
M,0.485,0.395,0.14,0.6295,0.2285,0.127,0.225,14
M,0.53,0.435,0.155,0.699,0.288,0.1595,0.205,10
M,0.54,0.435,0.18,0.996,0.3835,0.226,0.325,17
F,0.565,0.455,0.175,1.013,0.342,0.207,0.35,19
I,0.275,0.205,0.075,0.1105,0.045,0.0285,0.035,6
F,0.405,0.305,0.095,0.3485,0.1455,0.0895,0.1,9
M,0.36,0.27,0.1,0.217,0.0885,0.0495,0.0715,6
I,0.165,0.12,0.03,0.0215,0.007,0.005,0.005,3
F,0.63,0.485,0.19,1.2435,0.4635,0.3055,0.39,21
F,0.62,0.47,0.2,1.2255,0.381,0.27,0.435,23
F,0.635,0.535,0.19,1.242,0.576,0.2475,0.39,14
I,0.265,0.21,0.06,0.0965,0.0425,0.022,0.03,5
I,0.265,0.205,0.07,0.1055,0.039,0.041,0.035,5
I,0.32,0.255,0.1,0.1755,0.073,0.0415,0.065,7
M,0.5,0.38,0.155,0.5955,0.2135,0.161,0.2,12
I,0.235,0.175,0.04,0.0705,0.0335,0.015,0.02,5
M,0.6,0.475,0.19,1.0875,0.403,0.2655,0.325,14
M,0.575,0.455,0.145,1.165,0.581,0.2275,0.3,14
F,0.505,0.375,0.18,0.568,0.2325,0.1495,0.17,12
F,0.525,0.42,0.16,0.756,0.2745,0.173,0.275,9
F,0.61,0.495,0.185,1.153,0.536,0.2905,0.245,8
M,0.58,0.455,0.17,0.93,0.408,0.259,0.22,9
M,0.675,0.525,0.185,1.587,0.6935,0.336,0.395,13
M,0.605,0.49,0.18,1.227,0.48,0.287,0.35,18
F,0.6,0.48,0.15,1.029,0.4085,0.2705,0.295,16
M,0.58,0.465,0.145,0.887,0.4405,0.1655,0.265,11
F,0.65,0.545,0.165,1.566,0.6645,0.3455,0.415,16
F,0.7,0.575,0.17,1.31,0.5095,0.314,0.42,14
M,0.63,0.49,0.19,1.1775,0.4935,0.3365,0.285,11
M,0.605,0.47,0.18,1.1405,0.3755,0.2805,0.385,15
M,0.47,0.375,0.12,0.5565,0.226,0.122,0.195,12
M,0.54,0.42,0.155,0.7385,0.3515,0.152,0.215,12
I,0.415,0.325,0.1,0.3215,0.1535,0.0595,0.105,10
I,0.365,0.295,0.095,0.25,0.1075,0.0545,0.08,9
F,0.5,0.395,0.14,0.7155,0.3165,0.176,0.24,10
F,0.485,0.365,0.12,0.5885,0.27,0.131,0.175,9
F,0.515,0.415,0.14,0.6935,0.3115,0.152,0.2,10
M,0.45,0.355,0.115,0.479,0.2125,0.1045,0.15,8
M,0.59,0.5,0.165,1.1045,0.4565,0.2425,0.34,15
M,0.545,0.44,0.12,0.8565,0.3475,0.1715,0.24,12
F,0.63,0.5,0.17,1.3135,0.5595,0.267,0.4,20
F,0.67,0.54,0.165,1.5015,0.518,0.358,0.505,14
I,0.29,0.225,0.07,0.101,0.036,0.0235,0.035,8
F,0.61,0.485,0.165,1.0915,0.3935,0.2435,0.33,18
F,0.57,0.45,0.175,0.9555,0.38,0.1665,0.295,18
M,0.545,0.42,0.14,0.7505,0.2475,0.13,0.255,22
I,0.36,0.275,0.095,0.217,0.084,0.0435,0.09,7
I,0.36,0.275,0.11,0.2335,0.095,0.0525,0.085,10
I,0.395,0.295,0.1,0.2715,0.134,0.0325,0.085,10
M,0.565,0.435,0.185,0.9815,0.329,0.136,0.39,13
M,0.725,0.565,0.215,1.891,0.6975,0.4725,0.58,16
F,0.565,0.49,0.155,0.9245,0.405,0.2195,0.255,11
F,0.64,0.54,0.175,1.221,0.51,0.259,0.39,15
M,0.38,0.285,0.1,0.2665,0.115,0.061,0.075,11
I,0.22,0.165,0.055,0.0545,0.0215,0.012,0.02,5
F,0.67,0.55,0.19,1.3905,0.5425,0.3035,0.4,12
F,0.53,0.44,0.135,0.7835,0.313,0.1715,0.2185,9
F,0.52,0.405,0.12,0.627,0.2645,0.1415,0.181,11
F,0.465,0.35,0.115,0.421,0.1565,0.091,0.1345,9
F,0.7,0.585,0.185,1.8075,0.7055,0.3215,0.475,29
F,0.58,0.46,0.15,0.9955,0.429,0.212,0.26,19
M,0.55,0.45,0.13,0.92,0.378,0.2385,0.29,11
M,0.59,0.455,0.145,1.073,0.475,0.19,0.285,14
M,0.655,0.53,0.175,1.2635,0.486,0.2635,0.415,15
F,0.64,0.52,0.175,1.248,0.4245,0.2595,0.48,12
F,0.58,0.44,0.18,0.854,0.3665,0.1635,0.245,12
F,0.6,0.505,0.19,1.129,0.4385,0.256,0.36,13
M,0.56,0.46,0.235,0.8395,0.3325,0.157,0.305,12
I,0.68,0.53,0.185,1.1095,0.439,0.245,0.34,10
M,0.31,0.22,0.085,0.146,0.061,0.0365,0.045,6
M,0.4,0.29,0.115,0.2795,0.1115,0.0575,0.075,9
M,0.21,0.15,0.05,0.0385,0.0155,0.0085,0.01,3
M,0.2,0.14,0.055,0.035,0.0145,0.008,0.01,5
M,0.155,0.11,0.04,0.0155,0.0065,0.003,0.005,3
I,0.53,0.42,0.185,0.752,0.299,0.156,0.205,20
F,0.435,0.335,0.11,0.38,0.1695,0.086,0.11,9
I,0.52,0.405,0.14,0.5775,0.2,0.145,0.179,11
F,0.5,0.375,0.14,0.604,0.242,0.1415,0.179,15
M,0.445,0.35,0.115,0.3615,0.1565,0.0695,0.117,8
M,0.255,0.195,0.065,0.08,0.0315,0.018,0.027,8
I,0.65,0.515,0.16,1.1625,0.495,0.203,0.33,17
I,0.48,0.37,0.12,0.514,0.2075,0.131,0.155,13
I,0.525,0.405,0.15,0.795,0.3075,0.205,0.255,14
F,0.44,0.34,0.105,0.364,0.148,0.0805,0.1175,8
F,0.545,0.415,0.15,0.7335,0.2795,0.163,0.2185,11
I,0.485,0.355,0.13,0.581,0.245,0.132,0.168,12
I,0.45,0.35,0.14,0.474,0.21,0.109,0.1275,16
F,0.57,0.44,0.14,0.9535,0.3785,0.201,0.305,17
I,0.56,0.425,0.14,0.9175,0.4005,0.1975,0.26,10
F,0.625,0.49,0.175,1.233,0.5565,0.247,0.365,11
I,0.46,0.355,0.14,0.4935,0.216,0.133,0.115,13
I,0.52,0.425,0.17,0.6805,0.28,0.174,0.195,10
I,0.51,0.4,0.15,0.745,0.2865,0.1675,0.235,13
F,0.66,0.52,0.18,1.514,0.526,0.2975,0.42,19
F,0.55,0.43,0.14,0.7135,0.2565,0.186,0.225,9
I,0.535,0.42,0.145,0.926,0.398,0.1965,0.25,17
I,0.47,0.345,0.115,0.4885,0.2005,0.108,0.166,11
M,0.345,0.27,0.09,0.195,0.078,0.0455,0.059,9
F,0.44,0.345,0.17,0.4085,0.15,0.0825,0.1515,12
I,0.495,0.37,0.125,0.4775,0.185,0.0705,0.169,18
F,0.47,0.355,0.14,0.433,0.1525,0.095,0.152,12
M,0.345,0.255,0.08,0.169,0.06,0.0425,0.054,10
F,0.5,0.385,0.105,0.498,0.1795,0.1095,0.17,17
F,0.425,0.335,0.095,0.322,0.1205,0.061,0.125,10
I,0.475,0.365,0.115,0.49,0.223,0.1235,0.1335,9
I,0.47,0.36,0.13,0.5225,0.198,0.1065,0.165,9
M,0.38,0.235,0.1,0.258,0.1055,0.054,0.08,7
M,0.325,0.24,0.085,0.173,0.0795,0.038,0.05,7
M,0.33,0.255,0.095,0.1875,0.0735,0.045,0.06,7
M,0.33,0.215,0.075,0.1145,0.045,0.0265,0.035,6
M,0.255,0.18,0.065,0.079,0.034,0.014,0.025,5
M,0.31,0.225,0.08,0.1345,0.054,0.024,0.05,7
F,0.555,0.435,0.165,0.97,0.336,0.2315,0.295,17
I,0.65,0.525,0.18,1.626,0.597,0.3445,0.53,18
F,0.38,0.305,0.105,0.281,0.1045,0.0615,0.09,12
M,0.455,0.35,0.12,0.4835,0.1815,0.144,0.16,11
M,0.475,0.385,0.145,0.6175,0.235,0.108,0.215,14
M,0.49,0.39,0.15,0.573,0.225,0.124,0.17,21
M,0.54,0.415,0.145,0.74,0.2635,0.168,0.245,12
I,0.37,0.275,0.1,0.2295,0.0885,0.0465,0.07,7
M,0.535,0.405,0.185,0.8345,0.3175,0.1725,0.29,16
F,0.535,0.4,0.15,0.8045,0.3345,0.2125,0.21,13
M,0.5,0.375,0.15,0.636,0.2535,0.145,0.19,10
M,0.38,0.29,0.12,0.283,0.1175,0.0655,0.085,9
I,0.155,0.105,0.05,0.0175,0.005,0.0035,0.005,4
M,0.385,0.285,0.105,0.2905,0.1215,0.0685,0.0875,12
M,0.395,0.295,0.115,0.316,0.1205,0.0595,0.1105,12
M,0.315,0.25,0.09,0.203,0.0615,0.037,0.0795,11
I,0.325,0.25,0.08,0.176,0.0595,0.0355,0.063,7
M,0.355,0.265,0.085,0.201,0.069,0.053,0.0695,8
I,0.29,0.205,0.07,0.0975,0.036,0.019,0.035,8
I,0.16,0.11,0.025,0.018,0.0065,0.0055,0.005,3
M,0.525,0.41,0.13,0.99,0.3865,0.243,0.295,15
M,0.4,0.305,0.085,0.297,0.108,0.0705,0.1,10
M,0.525,0.4,0.13,0.8295,0.2405,0.1825,0.275,11
M,0.505,0.38,0.13,0.656,0.227,0.1785,0.22,13
M,0.52,0.385,0.115,0.669,0.2385,0.172,0.205,12
M,0.53,0.44,0.205,0.835,0.32,0.2175,0.245,14
F,0.52,0.405,0.14,0.8175,0.2795,0.183,0.26,17
F,0.66,0.52,0.2,1.676,0.673,0.4805,0.45,17
F,0.51,0.39,0.105,0.612,0.187,0.15,0.195,13
F,0.58,0.455,0.165,1.1365,0.369,0.3005,0.275,13
M,0.615,0.525,0.155,1.1375,0.367,0.236,0.37,20
M,0.585,0.405,0.15,1.2565,0.435,0.202,0.325,15
M,0.64,0.51,0.19,1.613,0.6215,0.361,0.47,14
F,0.59,0.445,0.13,1.1325,0.3825,0.234,0.32,13
F,0.53,0.455,0.165,0.9805,0.3155,0.2815,0.2965,11
M,0.455,0.34,0.135,0.462,0.1675,0.158,0.12,9
M,0.505,0.385,0.145,0.6775,0.236,0.179,0.2,15
M,0.56,0.41,0.165,0.93,0.3505,0.237,0.3,13
I,0.385,0.28,0.125,0.244,0.102,0.038,0.085,6
F,0.515,0.39,0.13,0.5755,0.1975,0.13,0.1845,9
F,0.57,0.465,0.16,0.8935,0.3145,0.2575,0.263,10
M,0.575,0.45,0.165,0.9215,0.3275,0.225,0.256,12
M,0.53,0.41,0.155,0.7155,0.2805,0.1685,0.214,11
M,0.46,0.34,0.135,0.495,0.1655,0.117,0.185,10
I,0.37,0.275,0.1,0.22,0.094,0.045,0.065,7
I,0.28,0.205,0.07,0.1015,0.041,0.03,0.03,6
M,0.505,0.405,0.14,0.875,0.2665,0.174,0.285,12
I,0.255,0.185,0.06,0.088,0.0365,0.021,0.023,5
I,0.335,0.25,0.08,0.183,0.0735,0.04,0.0575,6
I,0.365,0.275,0.135,0.24,0.108,0.0445,0.0735,7
I,0.385,0.29,0.095,0.312,0.143,0.0635,0.086,6
I,0.395,0.29,0.095,0.304,0.127,0.084,0.077,6
M,0.415,0.305,0.1,0.325,0.156,0.0505,0.091,6
I,0.445,0.335,0.1,0.4895,0.2745,0.086,0.1105,7
M,0.47,0.375,0.12,0.5805,0.266,0.0935,0.169,8
M,0.49,0.385,0.125,0.609,0.3065,0.096,0.1775,8
M,0.505,0.44,0.14,0.8275,0.3415,0.1855,0.239,8
F,0.54,0.42,0.14,0.805,0.369,0.1725,0.21,11
F,0.55,0.45,0.15,0.875,0.362,0.1755,0.2765,10
M,0.57,0.455,0.15,0.952,0.3895,0.2155,0.2745,9
M,0.59,0.475,0.165,1.077,0.4545,0.244,0.3095,9
F,0.595,0.475,0.16,1.1405,0.547,0.231,0.271,6
F,0.6,0.475,0.155,1.21,0.653,0.1695,0.3205,10
M,0.605,0.455,0.16,1.1035,0.421,0.3015,0.325,9
M,0.615,0.505,0.165,1.34,0.5315,0.2815,0.41,12
F,0.625,0.49,0.155,1.2085,0.465,0.162,0.411,11
M,0.635,0.51,0.17,1.3555,0.619,0.305,0.39,9
M,0.65,0.525,0.175,1.4715,0.675,0.315,0.399,11
M,0.66,0.53,0.17,1.3905,0.5905,0.212,0.453,15
F,0.675,0.525,0.17,1.8095,0.784,0.391,0.455,12
F,0.695,0.56,0.22,1.834,0.8455,0.422,0.455,11
I,0.24,0.175,0.055,0.0705,0.025,0.014,0.021,5
I,0.255,0.18,0.055,0.083,0.031,0.0215,0.02,4
I,0.3,0.235,0.08,0.131,0.05,0.0265,0.043,4
I,0.315,0.235,0.075,0.1485,0.0585,0.0375,0.0425,6
I,0.325,0.24,0.075,0.187,0.0825,0.0445,0.05,6
I,0.34,0.25,0.075,0.1785,0.0665,0.0455,0.045,5
I,0.37,0.29,0.095,0.249,0.1045,0.058,0.067,6
I,0.385,0.265,0.08,0.251,0.124,0.037,0.07,6
I,0.415,0.33,0.09,0.3595,0.17,0.081,0.09,6
I,0.425,0.34,0.1,0.382,0.164,0.096,0.1,6
I,0.43,0.325,0.09,0.425,0.217,0.087,0.095,7
I,0.44,0.325,0.09,0.35,0.148,0.067,0.105,7
I,0.45,0.36,0.13,0.478,0.191,0.127,0.137,7
I,0.45,0.335,0.105,0.447,0.2335,0.153,0.119,7
I,0.46,0.345,0.105,0.449,0.196,0.0945,0.1265,7
I,0.465,0.345,0.11,0.4415,0.1755,0.0905,0.12,7
F,0.47,0.365,0.12,0.582,0.29,0.092,0.146,8
M,0.48,0.385,0.145,0.64,0.2925,0.1405,0.1575,6
F,0.485,0.37,0.115,0.4785,0.1995,0.0955,0.129,7
M,0.495,0.4,0.135,0.61,0.272,0.1435,0.144,7
M,0.5,0.4,0.125,0.6725,0.336,0.12,0.1825,7
M,0.505,0.41,0.125,0.642,0.289,0.133,0.155,9
I,0.51,0.375,0.1,0.5785,0.238,0.1225,0.175,7
F,0.515,0.43,0.14,0.834,0.367,0.2,0.23,8
M,0.525,0.4,0.14,0.7325,0.334,0.1575,0.17,11
M,0.53,0.405,0.125,0.6515,0.2715,0.1605,0.186,7
F,0.55,0.445,0.155,0.9905,0.544,0.178,0.218,9
F,0.565,0.4,0.13,0.6975,0.3075,0.1665,0.18,8
F,0.57,0.455,0.15,1.107,0.54,0.255,0.27,8
F,0.575,0.46,0.16,1.103,0.538,0.221,0.249,9
M,0.58,0.455,0.15,1.012,0.4985,0.2115,0.2835,10
M,0.59,0.465,0.155,1.136,0.5245,0.2615,0.275,11
F,0.595,0.45,0.15,1.114,0.5865,0.2205,0.25,11
M,0.595,0.455,0.15,1.044,0.518,0.2205,0.27,9
M,0.605,0.47,0.165,1.2315,0.6025,0.262,0.2925,11
F,0.62,0.51,0.18,1.3315,0.594,0.276,0.388,11
F,0.625,0.475,0.175,1.1435,0.4755,0.2475,0.349,10
M,0.63,0.485,0.155,1.278,0.637,0.275,0.31,8
M,0.635,0.525,0.185,1.4065,0.684,0.3,0.3745,10
F,0.64,0.5,0.175,1.394,0.4935,0.291,0.4,10
M,0.645,0.52,0.175,1.561,0.709,0.3555,0.4,8
F,0.645,0.515,0.15,1.212,0.515,0.2055,0.385,10
M,0.65,0.525,0.185,1.622,0.6645,0.3225,0.477,10
F,0.66,0.505,0.185,1.528,0.69,0.3025,0.441,11
M,0.67,0.525,0.165,1.6085,0.682,0.3145,0.4005,11
M,0.68,0.535,0.185,1.607,0.7245,0.3215,0.498,12
F,0.695,0.535,0.175,1.8385,0.8035,0.396,0.503,10
F,0.715,0.525,0.185,1.56,0.6655,0.383,0.405,11
I,0.185,0.13,0.045,0.029,0.012,0.0075,0.0095,4
I,0.2,0.155,0.04,0.0435,0.0155,0.009,0.007,4
I,0.265,0.195,0.055,0.084,0.0365,0.0175,0.025,7
I,0.285,0.22,0.065,0.096,0.0405,0.0205,0.03,5
I,0.32,0.225,0.085,0.1415,0.0675,0.0295,0.0405,6
I,0.375,0.275,0.1,0.2325,0.1165,0.042,0.065,6
I,0.405,0.3,0.11,0.32,0.172,0.044,0.093,7
I,0.42,0.3,0.105,0.316,0.1255,0.07,0.1035,7
M,0.43,0.335,0.12,0.397,0.1985,0.0865,0.1035,7
I,0.44,0.33,0.11,0.3705,0.1545,0.084,0.12,7
I,0.445,0.335,0.11,0.411,0.1985,0.0935,0.109,8
I,0.45,0.33,0.1,0.411,0.1945,0.1,0.098,6
M,0.47,0.36,0.105,0.544,0.27,0.1395,0.129,7
I,0.475,0.35,0.1,0.4545,0.2165,0.111,0.115,7
I,0.5,0.375,0.12,0.542,0.215,0.116,0.17,9
F,0.505,0.39,0.125,0.5445,0.246,0.15,0.1405,7
I,0.51,0.4,0.125,0.5575,0.2615,0.1195,0.1525,9
I,0.52,0.38,0.135,0.5395,0.2295,0.133,0.157,8
I,0.525,0.4,0.13,0.6455,0.325,0.1245,0.17,8
I,0.525,0.395,0.12,0.608,0.297,0.1395,0.1405,8
M,0.545,0.39,0.135,0.7835,0.4225,0.1815,0.156,7
F,0.55,0.415,0.135,0.8145,0.427,0.1855,0.175,8
M,0.56,0.43,0.145,0.8995,0.464,0.1775,0.234,9
M,0.565,0.455,0.15,0.9595,0.4565,0.2395,0.23,9
M,0.57,0.46,0.15,1.0375,0.5415,0.2035,0.25,9
F,0.575,0.46,0.145,0.9945,0.466,0.229,0.265,7
M,0.575,0.455,0.135,0.907,0.4245,0.197,0.26,9
M,0.575,0.445,0.145,0.847,0.415,0.1945,0.22,9
M,0.58,0.445,0.135,0.814,0.3775,0.1915,0.22,9
M,0.585,0.46,0.145,0.9335,0.478,0.1825,0.235,9
F,0.6,0.475,0.16,1.0265,0.485,0.2495,0.2565,9
M,0.6,0.465,0.155,1.0165,0.512,0.2465,0.225,10
F,0.605,0.475,0.165,1.056,0.433,0.2195,0.357,9
M,0.61,0.47,0.165,1.052,0.498,0.242,0.267,9
F,0.615,0.475,0.155,1.027,0.447,0.25,0.285,9
F,0.625,0.485,0.175,1.3745,0.7335,0.2715,0.332,9
M,0.63,0.5,0.175,1.2645,0.5635,0.3065,0.3425,10
M,0.645,0.53,0.195,1.39,0.6465,0.2945,0.3735,10
M,0.655,0.515,0.16,1.31,0.553,0.369,0.345,11
M,0.665,0.525,0.16,1.363,0.629,0.279,0.34,8
F,0.685,0.54,0.215,1.7025,0.664,0.3655,0.4735,14
F,0.69,0.53,0.17,1.5535,0.7945,0.3485,0.3695,9
M,0.7,0.575,0.19,2.273,1.095,0.418,0.638,12
F,0.71,0.56,0.18,1.652,0.735,0.381,0.4525,11
F,0.72,0.55,0.2,1.9965,0.9035,0.469,0.5215,10
F,0.73,0.575,0.185,1.8795,0.931,0.38,0.4825,12
F,0.75,0.57,0.21,2.236,1.109,0.5195,0.545,11
I,0.185,0.375,0.12,0.4645,0.196,0.1045,0.15,6
I,0.25,0.19,0.065,0.0835,0.039,0.015,0.025,5
I,0.31,0.225,0.07,0.1055,0.435,0.015,0.04,5
I,0.33,0.25,0.095,0.2085,0.102,0.0395,0.052,7
I,0.34,0.25,0.09,0.179,0.0775,0.033,0.055,6
I,0.35,0.27,0.075,0.215,0.1,0.036,0.065,6
I,0.365,0.27,0.085,0.196,0.0825,0.0375,0.06,7
I,0.37,0.28,0.085,0.217,0.1095,0.035,0.062,6
I,0.375,0.275,0.09,0.218,0.093,0.0405,0.0755,6
I,0.38,0.275,0.11,0.256,0.11,0.0535,0.0755,6
I,0.385,0.28,0.085,0.2175,0.097,0.038,0.067,8
I,0.39,0.3,0.095,0.3265,0.1665,0.0575,0.089,7
I,0.4,0.29,0.1,0.2675,0.1205,0.0605,0.0765,5
I,0.42,0.305,0.09,0.328,0.168,0.0615,0.082,6
I,0.425,0.31,0.09,0.301,0.1385,0.065,0.08,7
I,0.44,0.34,0.12,0.438,0.2115,0.083,0.12,9
F,0.455,0.365,0.115,0.4305,0.184,0.108,0.1245,8
I,0.46,0.35,0.105,0.3705,0.1575,0.077,0.114,9
I,0.47,0.355,0.18,0.48,0.2055,0.105,0.1505,8
I,0.475,0.38,0.12,0.441,0.1785,0.0885,0.1505,8
I,0.48,0.355,0.115,0.4725,0.2065,0.112,0.132,8
M,0.495,0.395,0.12,0.553,0.224,0.1375,0.167,8
I,0.5,0.375,0.145,0.5795,0.239,0.1375,0.185,9
I,0.5,0.395,0.14,0.6215,0.2925,0.1205,0.195,9
I,0.515,0.38,0.12,0.625,0.3265,0.1295,0.16,7
I,0.52,0.4,0.13,0.5825,0.233,0.1365,0.18,10
M,0.525,0.42,0.155,0.842,0.428,0.1415,0.2045,9
I,0.53,0.425,0.13,0.7675,0.419,0.1205,0.21,9
F,0.535,0.41,0.13,0.7145,0.335,0.144,0.2075,9
I,0.54,0.42,0.14,0.7265,0.3205,0.1445,0.229,9
I,0.545,0.405,0.135,0.5945,0.27,0.1185,0.185,8
M,0.55,0.43,0.15,0.8745,0.413,0.1905,0.248,9
M,0.555,0.44,0.14,0.8705,0.407,0.156,0.255,9
I,0.56,0.425,0.135,0.8205,0.3715,0.185,0.236,9
I,0.56,0.455,0.145,0.974,0.547,0.1615,0.235,9
M,0.565,0.445,0.15,0.796,0.3635,0.184,0.219,8
F,0.57,0.46,0.135,0.9795,0.397,0.2525,0.2655,9
M,0.57,0.435,0.125,0.8965,0.383,0.1835,0.275,9
M,0.575,0.46,0.155,0.892,0.4415,0.176,0.22,10
M,0.585,0.465,0.155,0.9145,0.4555,0.1965,0.235,9
M,0.585,0.46,0.165,1.1135,0.5825,0.2345,0.274,10
M,0.585,0.45,0.18,0.7995,0.336,0.1855,0.237,8
F,0.595,0.465,0.15,0.98,0.4115,0.196,0.2255,10
M,0.6,0.48,0.155,1.014,0.451,0.1885,0.325,11
F,0.6,0.455,0.145,0.8895,0.419,0.1715,0.269,10
I,0.605,0.435,0.13,0.9025,0.432,0.174,0.26,11
M,0.61,0.45,0.15,0.871,0.407,0.1835,0.25,10
I,0.61,0.465,0.15,0.9605,0.4495,0.1725,0.286,9
M,0.615,0.47,0.165,1.128,0.4465,0.2195,0.34,10
M,0.615,0.475,0.17,1.129,0.4795,0.302,0.3,10
M,0.62,0.51,0.175,1.2815,0.5715,0.2385,0.39,10
M,0.625,0.455,0.17,1.082,0.4955,0.2345,0.315,9
F,0.625,0.48,0.155,1.2035,0.5865,0.239,0.3185,12
M,0.63,0.485,0.145,1.062,0.5065,0.1785,0.3365,12
F,0.635,0.5,0.165,1.4595,0.705,0.2645,0.39,9
M,0.635,0.51,0.155,0.986,0.405,0.2255,0.31,10
M,0.645,0.51,0.16,1.1835,0.556,0.2385,0.345,11
F,0.65,0.59,0.22,1.662,0.77,0.378,0.435,11
F,0.65,0.51,0.17,1.567,0.7245,0.349,0.391,10
F,0.655,0.52,0.19,1.4545,0.6,0.3865,0.383,10
F,0.665,0.53,0.18,1.491,0.6345,0.342,0.435,10
M,0.675,0.545,0.185,1.7375,0.876,0.3135,0.469,13
F,0.7,0.545,0.13,1.556,0.6725,0.374,0.195,12
F,0.71,0.55,0.17,1.614,0.743,0.345,0.45,11
F,0.725,0.6,0.2,1.737,0.697,0.3585,0.595,11
F,0.745,0.57,0.215,2.25,1.1565,0.446,0.558,9
I,0.23,0.165,0.06,0.0515,0.019,0.0145,0.036,4
I,0.37,0.27,0.095,0.232,0.1325,0.041,0.0615,6
I,0.395,0.295,0.09,0.3025,0.143,0.0665,0.0765,5
I,0.405,0.29,0.09,0.2825,0.112,0.075,0.0815,7
M,0.415,0.315,0.115,0.3895,0.2015,0.065,0.103,9
I,0.44,0.34,0.105,0.369,0.164,0.08,0.1015,5
I,0.455,0.335,0.135,0.501,0.274,0.0995,0.1065,7
I,0.47,0.35,0.125,0.4315,0.19,0.1165,0.1175,6
I,0.475,0.365,0.115,0.459,0.2175,0.093,0.1165,7
M,0.485,0.39,0.085,0.6435,0.2945,0.103,0.198,8
M,0.505,0.385,0.105,0.5525,0.239,0.1245,0.1555,9
M,0.515,0.425,0.145,0.9365,0.497,0.181,0.2185,8
I,0.53,0.43,0.13,0.7045,0.346,0.1415,0.189,9
F,0.55,0.43,0.14,0.84,0.375,0.218,0.1945,8
F,0.56,0.435,0.15,0.8715,0.4755,0.1835,0.1835,9
F,0.58,0.46,0.175,1.165,0.65,0.2205,0.3055,9
M,0.59,0.44,0.15,0.8725,0.387,0.215,0.245,8
F,0.595,0.455,0.16,1.04,0.452,0.2655,0.288,9
F,0.605,0.485,0.16,1.201,0.417,0.2875,0.38,9
I,0.615,0.475,0.13,0.8425,0.353,0.1915,0.251,8
M,0.62,0.48,0.165,1.0725,0.4815,0.235,0.312,9
F,0.63,0.5,0.175,1.1105,0.467,0.268,0.329,10
F,0.63,0.49,0.225,1.336,0.6805,0.259,0.3245,10
F,0.64,0.515,0.205,1.5335,0.6635,0.3345,0.4025,9
F,0.65,0.545,0.175,1.5245,0.59,0.326,0.495,10
M,0.65,0.485,0.14,1.175,0.475,0.2435,0.215,8
M,0.66,0.505,0.165,1.374,0.589,0.351,0.345,10
M,0.67,0.5,0.19,1.519,0.616,0.388,0.415,10
M,0.69,0.525,0.2,1.7825,0.9165,0.3325,0.461,12
M,0.705,0.56,0.165,1.675,0.797,0.4095,0.388,10
M,0.75,0.55,0.18,1.893,0.942,0.397,0.445,11
I,0.295,0.215,0.07,0.121,0.047,0.0155,0.0405,6
I,0.335,0.255,0.08,0.168,0.079,0.0355,0.05,5
I,0.36,0.27,0.095,0.2,0.073,0.056,0.061,8
I,0.365,0.27,0.085,0.2225,0.0935,0.0525,0.066,7
I,0.38,0.285,0.095,0.243,0.0895,0.0665,0.075,7
I,0.385,0.3,0.09,0.308,0.1525,0.056,0.0835,8
I,0.39,0.29,0.1,0.2225,0.095,0.0465,0.073,7
I,0.415,0.325,0.1,0.313,0.139,0.0625,0.0965,7
I,0.435,0.325,0.11,0.367,0.1595,0.08,0.105,6
I,0.455,0.36,0.115,0.457,0.2085,0.0855,0.147,10
I,0.465,0.37,0.12,0.4365,0.188,0.0815,0.147,9
M,0.475,0.36,0.1,0.4285,0.1965,0.099,0.112,7
I,0.48,0.37,0.12,0.536,0.251,0.114,0.15,8
I,0.49,0.375,0.115,0.4615,0.204,0.0945,0.143,8
I,0.5,0.4,0.12,0.616,0.261,0.143,0.1935,8
I,0.51,0.395,0.13,0.6025,0.281,0.143,0.162,7
I,0.515,0.35,0.105,0.4745,0.213,0.123,0.1275,10
I,0.52,0.39,0.13,0.5545,0.2355,0.1095,0.1895,7
I,0.525,0.38,0.135,0.615,0.261,0.159,0.175,8
I,0.53,0.42,0.12,0.5965,0.2555,0.141,0.177,7
I,0.535,0.4,0.13,0.657,0.2835,0.162,0.175,7
I,0.54,0.43,0.14,0.8195,0.3935,0.1725,0.2295,9
I,0.54,0.425,0.13,0.7205,0.2955,0.169,0.225,10
I,0.545,0.42,0.125,0.717,0.358,0.112,0.22,8
I,0.55,0.42,0.135,0.816,0.3995,0.1485,0.23,12
I,0.555,0.395,0.13,0.5585,0.222,0.1245,0.17,9
I,0.56,0.44,0.13,0.7235,0.349,0.149,0.2,8
F,0.565,0.44,0.15,0.863,0.435,0.149,0.27,9
F,0.57,0.45,0.135,0.7805,0.3345,0.185,0.21,8
I,0.57,0.445,0.155,0.867,0.3705,0.1705,0.28,9
I,0.575,0.425,0.135,0.7965,0.364,0.196,0.239,10
M,0.575,0.47,0.185,0.985,0.3745,0.2175,0.355,10
F,0.575,0.435,0.15,1.0305,0.4605,0.218,0.36,8
F,0.58,0.435,0.15,0.834,0.428,0.1515,0.23,8
I,0.58,0.445,0.125,0.7095,0.303,0.1405,0.235,9
I,0.59,0.46,0.145,0.9015,0.419,0.1785,0.26,11
M,0.595,0.45,0.145,0.959,0.463,0.2065,0.2535,10
F,0.6,0.475,0.15,1.13,0.575,0.196,0.305,9
M,0.6,0.47,0.165,1.059,0.504,0.241,0.275,9
M,0.605,0.475,0.145,0.884,0.3835,0.1905,0.27,8
F,0.605,0.47,0.155,0.974,0.393,0.224,0.3345,9
F,0.61,0.485,0.15,1.2405,0.6025,0.2915,0.3085,12
I,0.61,0.465,0.125,0.9225,0.436,0.19,0.26,9
M,0.615,0.47,0.16,1.0175,0.473,0.2395,0.28,10
M,0.62,0.515,0.175,1.221,0.535,0.241,0.395,13
F,0.62,0.48,0.18,1.2215,0.582,0.2695,0.313,12
M,0.62,0.48,0.15,1.266,0.6285,0.2575,0.309,12
M,0.625,0.5,0.17,1.0985,0.4645,0.22,0.354,9
I,0.625,0.485,0.15,1.044,0.438,0.2865,0.278,9
M,0.63,0.49,0.17,1.1745,0.5255,0.273,0.339,11
M,0.635,0.5,0.17,1.4345,0.611,0.309,0.418,12
F,0.64,0.505,0.165,1.2235,0.5215,0.2695,0.36,10
M,0.645,0.505,0.15,1.1605,0.519,0.2615,0.335,10
M,0.645,0.51,0.195,1.226,0.5885,0.2215,0.3745,10
M,0.645,0.5,0.175,1.3375,0.554,0.308,0.415,10
F,0.645,0.48,0.19,1.371,0.6925,0.2905,0.35,12
M,0.65,0.51,0.16,1.3835,0.6385,0.2905,0.3665,9
F,0.655,0.505,0.19,1.3485,0.5935,0.2745,0.425,12
F,0.66,0.535,0.175,1.5175,0.711,0.3125,0.415,12
M,0.665,0.505,0.16,1.289,0.6145,0.253,0.3665,11
M,0.665,0.5,0.175,1.2975,0.6075,0.314,0.315,9
F,0.67,0.52,0.19,1.32,0.5235,0.3095,0.4275,13
F,0.675,0.51,0.195,1.382,0.6045,0.3175,0.3965,10
M,0.685,0.52,0.15,1.3735,0.7185,0.293,0.32,11
M,0.7,0.565,0.175,1.8565,0.8445,0.3935,0.54,10
F,0.71,0.57,0.195,1.9805,0.9925,0.4925,0.48,12
M,0.72,0.57,0.2,1.8275,0.919,0.366,0.485,10
F,0.725,0.565,0.21,2.1425,1.03,0.487,0.503,14
F,0.75,0.565,0.215,1.938,0.7735,0.4825,0.575,11
M,0.775,0.63,0.25,2.7795,1.3485,0.76,0.578,12
F,0.375,0.27,0.135,0.597,0.272,0.131,0.1675,7
I,0.455,0.335,0.105,0.422,0.229,0.0865,0.1,6
I,0.465,0.325,0.14,0.7615,0.362,0.1535,0.209,10
M,0.485,0.37,0.155,0.968,0.419,0.2455,0.2365,9
M,0.515,0.35,0.155,0.9225,0.4185,0.198,0.273,9
M,0.525,0.38,0.125,0.65,0.303,0.155,0.159,7
I,0.535,0.385,0.18,1.0835,0.4955,0.2295,0.304,8
F,0.55,0.38,0.165,1.205,0.543,0.294,0.3345,10
M,0.575,0.44,0.185,1.025,0.5075,0.2245,0.2485,10
M,0.585,0.455,0.145,0.953,0.3945,0.2685,0.258,10
M,0.605,0.475,0.175,1.2525,0.5575,0.3055,0.343,9
F,0.615,0.455,0.145,1.1155,0.5045,0.238,0.315,10
M,0.625,0.49,0.185,1.169,0.5275,0.2535,0.344,11
M,0.645,0.5,0.16,1.3815,0.672,0.326,0.315,9
F,0.655,0.52,0.2,1.5475,0.713,0.314,0.466,9
F,0.675,0.53,0.175,1.4465,0.6775,0.33,0.389,10
F,0.705,0.545,0.18,1.5395,0.6075,0.3675,0.4645,13
M,0.73,0.575,0.21,2.069,0.9285,0.409,0.643,11
I,0.31,0.215,0.075,0.1275,0.0565,0.0275,0.036,7
I,0.365,0.275,0.085,0.223,0.098,0.0375,0.075,7
I,0.405,0.3,0.09,0.269,0.103,0.067,0.11,6
I,0.415,0.31,0.09,0.2815,0.1245,0.0615,0.085,6
I,0.43,0.34,0.1,0.3405,0.1395,0.0665,0.12,8
I,0.435,0.33,0.105,0.335,0.156,0.0555,0.105,8
I,0.465,0.37,0.11,0.445,0.1635,0.096,0.166,7
I,0.485,0.36,0.12,0.5155,0.2465,0.1025,0.147,8
I,0.495,0.38,0.145,0.5,0.205,0.148,0.1505,8
I,0.505,0.405,0.13,0.599,0.2245,0.1175,0.225,11
I,0.515,0.42,0.15,0.6725,0.2555,0.1335,0.235,10
I,0.52,0.415,0.14,0.6375,0.308,0.1335,0.168,9
I,0.52,0.385,0.115,0.581,0.2555,0.156,0.143,10
I,0.53,0.43,0.14,0.677,0.298,0.0965,0.23,8
I,0.53,0.405,0.12,0.632,0.2715,0.148,0.1875,9
I,0.54,0.395,0.135,0.6555,0.2705,0.155,0.192,9
I,0.55,0.435,0.14,0.7995,0.295,0.1905,0.238,10
M,0.555,0.41,0.125,0.599,0.2345,0.1465,0.194,8
M,0.555,0.455,0.135,0.837,0.382,0.171,0.235,9
M,0.565,0.455,0.155,0.9355,0.421,0.183,0.26,11
I,0.565,0.46,0.155,0.8715,0.3755,0.215,0.25,10
M,0.57,0.44,0.175,0.9415,0.3805,0.2285,0.283,9
M,0.575,0.45,0.155,0.9765,0.495,0.2145,0.235,9
M,0.575,0.445,0.145,0.876,0.3795,0.1615,0.27,10
I,0.575,0.45,0.135,0.8245,0.3375,0.2115,0.239,11
F,0.58,0.5,0.165,0.925,0.37,0.185,0.3005,10
M,0.58,0.44,0.16,0.8295,0.3365,0.2005,0.2485,9
M,0.6,0.46,0.17,1.1805,0.456,0.337,0.329,11
F,0.605,0.455,0.145,0.862,0.334,0.1985,0.3,9
F,0.61,0.46,0.145,1.1185,0.478,0.2945,0.2985,10
M,0.615,0.47,0.145,1.0285,0.4435,0.2825,0.285,11
M,0.62,0.49,0.16,1.035,0.44,0.2525,0.285,11
M,0.62,0.495,0.195,1.5145,0.579,0.346,0.5195,15
M,0.625,0.495,0.155,1.0485,0.487,0.212,0.3215,11
F,0.625,0.52,0.18,1.354,0.4845,0.351,0.375,11
F,0.635,0.485,0.165,1.2695,0.5635,0.3065,0.3395,11
M,0.635,0.525,0.16,1.195,0.5435,0.246,0.335,12
F,0.64,0.48,0.145,1.1145,0.508,0.24,0.34,10
M,0.64,0.49,0.155,1.1285,0.477,0.269,0.34,9
M,0.645,0.49,0.175,1.32,0.6525,0.2375,0.3385,11
F,0.65,0.51,0.185,1.375,0.531,0.384,0.3985,10
M,0.655,0.52,0.17,1.1445,0.53,0.223,0.348,9
F,0.665,0.5,0.15,1.2475,0.4625,0.2955,0.3595,10
M,0.675,0.515,0.15,1.312,0.556,0.2845,0.4115,11
M,0.68,0.54,0.155,1.534,0.671,0.379,0.384,10
M,0.695,0.545,0.185,1.5715,0.6645,0.3835,0.4505,13
F,0.705,0.535,0.22,1.866,0.929,0.3835,0.4395,10
F,0.725,0.57,0.205,1.6195,0.744,0.315,0.488,11
I,0.135,0.13,0.04,0.029,0.0125,0.0065,0.008,4
I,0.28,0.2,0.065,0.0895,0.036,0.0185,0.03,7
I,0.29,0.21,0.06,0.1195,0.056,0.0235,0.03,6
I,0.325,0.25,0.07,0.1745,0.0875,0.0355,0.04,7
I,0.355,0.27,0.105,0.271,0.1425,0.0525,0.0735,9
I,0.375,0.28,0.08,0.226,0.105,0.047,0.065,6
I,0.405,0.25,0.09,0.2875,0.128,0.063,0.0805,7
I,0.435,0.325,0.12,0.346,0.159,0.084,0.095,7
M,0.47,0.365,0.135,0.522,0.2395,0.1525,0.145,10
M,0.505,0.39,0.12,0.653,0.3315,0.1385,0.167,9
M,0.515,0.4,0.14,0.6335,0.288,0.145,0.168,9
F,0.53,0.405,0.13,0.6355,0.2635,0.1565,0.185,9
F,0.56,0.41,0.16,0.8215,0.342,0.184,0.253,9
M,0.59,0.465,0.165,1.115,0.5165,0.273,0.275,10
M,0.61,0.49,0.16,1.112,0.465,0.228,0.341,10
I,0.255,0.19,0.06,0.086,0.04,0.0185,0.025,5
I,0.32,0.255,0.085,0.1745,0.072,0.033,0.057,8
I,0.395,0.295,0.1,0.293,0.14,0.062,0.082,7
I,0.415,0.305,0.12,0.336,0.165,0.076,0.0805,7
M,0.45,0.35,0.13,0.4655,0.2075,0.1045,0.135,8
M,0.46,0.345,0.11,0.4595,0.235,0.0885,0.116,7
F,0.475,0.38,0.14,0.689,0.3165,0.1315,0.1955,7
M,0.5,0.39,0.135,0.7815,0.361,0.1575,0.2385,9
M,0.525,0.385,0.1,0.5115,0.246,0.1005,0.1455,8
F,0.54,0.385,0.14,0.7655,0.3265,0.116,0.2365,10
I,0.55,0.42,0.115,0.668,0.2925,0.137,0.209,11
F,0.58,0.435,0.15,0.839,0.3485,0.207,0.192,7
F,0.6,0.47,0.19,1.1345,0.492,0.2595,0.3375,10
M,0.645,0.495,0.15,1.2095,0.603,0.2225,0.339,9
M,0.685,0.55,0.2,1.7725,0.813,0.387,0.49,11
F,0.71,0.5,0.15,1.3165,0.6835,0.2815,0.28,10
M,0.775,0.57,0.22,2.032,0.735,0.4755,0.6585,17
F,0.505,0.385,0.115,0.616,0.243,0.1075,0.21,11
M,0.5,0.39,0.145,0.651,0.273,0.132,0.22,11
I,0.37,0.29,0.1,0.25,0.1025,0.0505,0.085,10
M,0.375,0.29,0.1,0.276,0.1175,0.0565,0.085,9
M,0.595,0.455,0.155,1.041,0.416,0.2105,0.365,14
I,0.325,0.25,0.055,0.166,0.076,0.051,0.045,5
I,0.385,0.29,0.09,0.232,0.0855,0.0495,0.08,7
I,0.31,0.225,0.05,0.1445,0.0675,0.0385,0.045,6
M,0.425,0.325,0.1,0.3295,0.1365,0.0725,0.11,7
F,0.29,0.21,0.075,0.275,0.113,0.0675,0.035,6
F,0.5,0.4,0.125,0.5765,0.2395,0.126,0.185,10
M,0.585,0.455,0.14,0.97,0.462,0.185,0.295,9
M,0.44,0.35,0.11,0.4585,0.2,0.0885,0.13,9
F,0.56,0.425,0.125,0.932,0.361,0.213,0.335,9
F,0.45,0.36,0.125,0.5065,0.222,0.105,0.16,10
M,0.47,0.37,0.105,0.4665,0.2025,0.1015,0.155,10
M,0.465,0.35,0.12,0.5205,0.2015,0.1625,0.185,11
M,0.445,0.355,0.11,0.4415,0.1805,0.1035,0.1505,10
I,0.28,0.2,0.075,0.1225,0.0545,0.0115,0.035,5
M,0.61,0.5,0.165,1.2715,0.4915,0.185,0.49,12
M,0.69,0.55,0.2,1.8465,0.732,0.472,0.57,19
F,0.55,0.47,0.15,0.897,0.377,0.184,0.29,9
I,0.38,0.28,0.085,0.2735,0.115,0.061,0.085,6
M,0.285,0.21,0.075,0.1185,0.055,0.0285,0.04,7
M,0.595,0.465,0.125,0.799,0.3245,0.2,0.23,10
F,0.57,0.45,0.17,1.098,0.414,0.187,0.405,20
F,0.625,0.42,0.165,1.0595,0.358,0.165,0.445,21
M,0.495,0.4,0.155,0.8085,0.2345,0.1155,0.35,6
F,0.52,0.4,0.125,0.6865,0.295,0.1715,0.185,9
M,0.58,0.47,0.165,0.927,0.3215,0.1985,0.315,11
I,0.215,0.17,0.055,0.0605,0.0205,0.014,0.02,6
I,0.37,0.28,0.09,0.233,0.0905,0.0545,0.07,11
F,0.65,0.515,0.195,1.4005,0.5195,0.36,0.44,13
M,0.615,0.48,0.19,1.36,0.5305,0.2375,0.47,18
F,0.29,0.225,0.075,0.14,0.0515,0.0235,0.04,5
M,0.66,0.505,0.2,1.6305,0.4865,0.297,0.61,18
M,0.63,0.51,0.23,1.539,0.5635,0.2815,0.57,17
I,0.33,0.26,0.08,0.19,0.0765,0.0385,0.065,7
F,0.535,0.46,0.145,0.7875,0.3395,0.2005,0.2,8
F,0.555,0.455,0.18,0.958,0.296,0.195,0.39,14
I,0.355,0.28,0.11,0.2235,0.0815,0.0525,0.08,7
M,0.555,0.43,0.165,0.7575,0.2735,0.1635,0.275,13
M,0.595,0.475,0.17,1.0965,0.419,0.229,0.35,17
F,0.56,0.435,0.185,1.106,0.422,0.2435,0.33,15
M,0.415,0.315,0.125,0.388,0.068,0.09,0.125,12
M,0.465,0.36,0.13,0.5265,0.2105,0.1185,0.165,10
F,0.38,0.325,0.11,0.3105,0.12,0.074,0.105,10
M,0.655,0.59,0.2,1.5455,0.654,0.3765,0.415,11
F,0.645,0.5,0.2,1.4285,0.639,0.305,0.36,11
M,0.52,0.38,0.135,0.5825,0.2505,0.1565,0.175,8
M,0.55,0.46,0.175,0.869,0.3155,0.1825,0.32,10
F,0.62,0.51,0.15,1.456,0.581,0.2875,0.32,13
F,0.635,0.51,0.175,1.2125,0.5735,0.261,0.36,14
F,0.6,0.475,0.18,1.162,0.511,0.2675,0.32,18
F,0.67,0.52,0.15,1.406,0.519,0.348,0.37,13
F,0.62,0.48,0.23,1.0935,0.403,0.245,0.355,14
M,0.44,0.375,0.13,0.487,0.226,0.0965,0.155,9
I,0.435,0.345,0.12,0.4475,0.221,0.112,0.125,7
F,0.5,0.395,0.15,0.7145,0.3235,0.173,0.195,9
I,0.325,0.27,0.1,0.185,0.08,0.0435,0.065,6
I,0.34,0.26,0.09,0.179,0.076,0.0525,0.055,6
F,0.535,0.45,0.135,0.8075,0.322,0.181,0.25,13
F,0.48,0.405,0.13,0.6375,0.277,0.1445,0.21,10
F,0.58,0.455,0.12,0.94,0.399,0.257,0.265,11
F,0.65,0.5,0.165,1.1445,0.485,0.218,0.365,12
F,0.435,0.35,0.11,0.384,0.143,0.1005,0.125,13
M,0.595,0.47,0.145,0.991,0.4035,0.1505,0.34,16
M,0.535,0.435,0.155,0.8915,0.3415,0.177,0.25,13
I,0.4,0.31,0.1,0.2875,0.1145,0.0635,0.095,10
I,0.395,0.325,0.105,0.306,0.111,0.0735,0.095,8
M,0.43,0.345,0.115,0.3045,0.0925,0.055,0.12,11
I,0.42,0.345,0.115,0.3435,0.1515,0.0795,0.115,9
M,0.695,0.55,0.22,1.5515,0.566,0.3835,0.445,13
F,0.565,0.48,0.175,0.957,0.3885,0.215,0.275,18
F,0.59,0.47,0.17,0.9,0.355,0.1905,0.25,11
I,0.17,0.125,0.055,0.0235,0.009,0.0055,0.008,6
F,0.56,0.43,0.125,0.8025,0.313,0.1715,0.263,13
F,0.515,0.435,0.17,0.631,0.2765,0.111,0.216,12
F,0.72,0.56,0.175,1.7265,0.637,0.3415,0.525,17
M,0.575,0.47,0.15,1.1415,0.4515,0.204,0.4,13
F,0.545,0.44,0.175,0.7745,0.2985,0.1875,0.265,11
M,0.57,0.475,0.195,1.0295,0.4635,0.1905,0.305,18
M,0.695,0.57,0.23,1.885,0.8665,0.435,0.5,19
I,0.42,0.325,0.115,0.354,0.1625,0.064,0.105,8
F,0.5,0.405,0.15,0.5965,0.253,0.126,0.185,12
F,0.43,0.34,0.11,0.382,0.154,0.0955,0.109,8
M,0.175,0.135,0.04,0.0305,0.011,0.0075,0.01,5
F,0.525,0.39,0.135,0.6005,0.2265,0.131,0.21,16
F,0.485,0.365,0.14,0.6195,0.2595,0.1445,0.177,14
F,0.455,0.35,0.125,0.4485,0.1585,0.102,0.1335,16
I,0.3,0.22,0.09,0.1425,0.057,0.0335,0.043,7
I,0.625,0.465,0.155,0.972,0.404,0.1845,0.35,14
I,0.445,0.33,0.1,0.437,0.163,0.0755,0.17,13
M,0.29,0.225,0.08,0.1295,0.0535,0.026,0.045,10
F,0.58,0.46,0.185,1.017,0.3515,0.2,0.32,10
F,0.505,0.375,0.115,0.5895,0.2635,0.12,0.167,10
F,0.505,0.38,0.145,0.651,0.2935,0.19,0.17,12
M,0.425,0.315,0.125,0.3525,0.1135,0.0565,0.13,18
M,0.35,0.255,0.085,0.2145,0.1,0.0465,0.06,13
F,0.41,0.315,0.11,0.321,0.1255,0.0655,0.095,10
I,0.565,0.435,0.155,0.782,0.2715,0.168,0.285,14
I,0.52,0.38,0.14,0.525,0.1775,0.115,0.185,11
F,0.66,0.515,0.18,1.523,0.54,0.3365,0.555,16
M,0.515,0.4,0.16,0.8175,0.2515,0.156,0.3,23
M,0.465,0.355,0.125,0.5255,0.2025,0.135,0.145,13
F,0.445,0.335,0.14,0.4565,0.1785,0.114,0.14,11
F,0.55,0.435,0.17,0.884,0.2875,0.1645,0.28,14
F,0.42,0.33,0.125,0.463,0.186,0.11,0.145,10
I,0.325,0.2,0.08,0.0995,0.0395,0.0225,0.032,8
I,0.25,0.18,0.06,0.073,0.028,0.017,0.0225,5
M,0.445,0.35,0.14,0.5905,0.2025,0.158,0.19,14
M,0.515,0.405,0.14,0.8505,0.312,0.146,0.315,17
M,0.425,0.325,0.12,0.3755,0.142,0.1065,0.105,9
M,0.615,0.475,0.17,1.1825,0.474,0.2895,0.24,11
F,0.615,0.47,0.175,1.2985,0.5135,0.343,0.32,14
M,0.645,0.485,0.155,1.489,0.5915,0.312,0.38,18
F,0.52,0.425,0.145,0.7,0.207,0.1905,0.24,13
F,0.54,0.415,0.175,0.8975,0.275,0.241,0.275,14
F,0.49,0.4,0.145,0.6635,0.21,0.1295,0.2515,13
M,0.44,0.325,0.115,0.39,0.163,0.087,0.113,7
I,0.42,0.31,0.1,0.2865,0.115,0.0735,0.085,8
F,0.52,0.4,0.13,0.6245,0.215,0.2065,0.17,15
F,0.48,0.39,0.125,0.6905,0.219,0.155,0.2,12
I,0.3,0.23,0.075,0.127,0.052,0.03,0.0345,6
I,0.375,0.3,0.075,0.144,0.059,0.03,0.044,7
I,0.42,0.32,0.1,0.34,0.1745,0.05,0.0945,8
F,0.465,0.35,0.135,0.6265,0.259,0.1445,0.175,8
I,0.475,0.365,0.12,0.53,0.2505,0.0975,0.1625,10
M,0.525,0.425,0.19,0.872,0.4625,0.1725,0.199,9
F,0.565,0.44,0.15,0.983,0.4475,0.2355,0.2485,9
M,0.59,0.48,0.16,1.262,0.5685,0.2725,0.335,9
F,0.6,0.485,0.165,1.1405,0.587,0.2175,0.288,9
M,0.63,0.5,0.185,1.362,0.5785,0.3125,0.384,10
F,0.655,0.545,0.165,1.6225,0.6555,0.299,0.513,12
F,0.675,0.55,0.175,1.689,0.694,0.371,0.474,13
F,0.7,0.525,0.19,1.6015,0.707,0.365,0.43,10
I,0.225,0.17,0.07,0.0565,0.024,0.013,0.016,4
I,0.28,0.22,0.08,0.1315,0.066,0.024,0.03,5
I,0.315,0.235,0.07,0.149,0.058,0.0325,0.047,7
I,0.38,0.285,0.085,0.237,0.115,0.0405,0.07,6
I,0.44,0.335,0.11,0.3885,0.175,0.0835,0.111,7
I,0.44,0.355,0.12,0.495,0.231,0.11,0.125,7
F,0.455,0.35,0.12,0.4555,0.1945,0.1045,0.1375,7
I,0.465,0.355,0.11,0.474,0.23,0.1005,0.12,7
I,0.475,0.355,0.105,0.468,0.201,0.1115,0.12,8
I,0.5,0.38,0.11,0.494,0.218,0.09,0.1325,7
M,0.525,0.425,0.125,0.812,0.4035,0.1705,0.195,8
F,0.53,0.405,0.15,0.889,0.4055,0.2275,0.215,8
F,0.555,0.425,0.14,0.963,0.44,0.224,0.24,7
F,0.58,0.445,0.145,0.888,0.41,0.1815,0.2425,8
F,0.595,0.47,0.155,1.1775,0.542,0.269,0.31,9
F,0.6,0.46,0.145,0.9325,0.3985,0.2245,0.248,8
F,0.615,0.485,0.16,1.1575,0.5005,0.2495,0.315,10
F,0.62,0.51,0.175,1.2705,0.5415,0.323,0.3225,9
M,0.625,0.48,0.17,1.3555,0.671,0.268,0.3385,10
F,0.63,0.495,0.145,1.147,0.5455,0.266,0.2885,9
F,0.635,0.495,0.195,1.297,0.556,0.2985,0.37,11
F,0.65,0.5,0.185,1.4415,0.741,0.2955,0.341,9
F,0.695,0.55,0.155,1.8495,0.767,0.442,0.4175,10
F,0.705,0.56,0.205,2.381,0.9915,0.5005,0.624,10
I,0.22,0.16,0.05,0.049,0.0215,0.01,0.015,4
I,0.355,0.285,0.095,0.2275,0.0955,0.0475,0.0715,6
I,0.425,0.33,0.115,0.3265,0.1315,0.077,0.103,6
I,0.44,0.34,0.1,0.407,0.209,0.0735,0.103,7
I,0.465,0.355,0.105,0.442,0.2085,0.0975,0.1185,7
I,0.485,0.375,0.13,0.5535,0.266,0.112,0.157,8
I,0.495,0.38,0.12,0.512,0.233,0.1205,0.136,7
I,0.51,0.395,0.155,0.5395,0.2465,0.1085,0.167,8
I,0.52,0.395,0.135,0.633,0.2985,0.1295,0.175,9
M,0.545,0.42,0.12,0.7865,0.403,0.185,0.17,7
I,0.555,0.425,0.13,0.648,0.2835,0.133,0.2105,8
M,0.57,0.45,0.135,1.02,0.546,0.204,0.25,9
M,0.58,0.455,0.13,0.852,0.41,0.1725,0.225,8
M,0.59,0.46,0.14,1.004,0.496,0.2165,0.26,9
M,0.595,0.47,0.165,1.108,0.4915,0.2325,0.3345,9
F,0.605,0.48,0.15,1.079,0.4505,0.2835,0.293,10
M,0.615,0.475,0.175,1.103,0.4635,0.3095,0.2725,10
M,0.625,0.495,0.185,1.3835,0.7105,0.3005,0.345,11
M,0.63,0.505,0.15,1.3165,0.6325,0.2465,0.37,11
M,0.645,0.48,0.15,1.192,0.6055,0.2595,0.285,9
M,0.65,0.52,0.175,1.2655,0.615,0.2775,0.336,9
F,0.65,0.49,0.155,1.122,0.545,0.228,0.3055,9
M,0.67,0.51,0.18,1.68,0.926,0.2975,0.3935,13
M,0.68,0.53,0.18,1.529,0.7635,0.3115,0.4025,11
F,0.725,0.53,0.19,1.7315,0.83,0.398,0.405,11
M,0.75,0.555,0.215,2.201,1.0615,0.5235,0.5285,11
I,0.25,0.175,0.06,0.0635,0.0275,0.008,0.02,4
I,0.34,0.245,0.085,0.2015,0.1005,0.038,0.053,6
I,0.37,0.275,0.09,0.2065,0.096,0.0395,0.058,7
I,0.385,0.3,0.125,0.343,0.1705,0.0735,0.081,7
I,0.4,0.305,0.1,0.3415,0.176,0.0625,0.0865,7
I,0.405,0.3,0.09,0.2885,0.138,0.0635,0.0765,6
I,0.415,0.335,0.1,0.358,0.169,0.067,0.105,7
I,0.43,0.34,0.11,0.3645,0.159,0.0855,0.105,7
I,0.455,0.34,0.115,0.486,0.261,0.0655,0.1315,8
I,0.475,0.355,0.115,0.5195,0.279,0.088,0.1325,7
I,0.485,0.365,0.14,0.4475,0.1895,0.0925,0.2305,8
I,0.51,0.385,0.145,0.7665,0.3985,0.14,0.1805,8
I,0.515,0.39,0.11,0.531,0.2415,0.098,0.1615,8
I,0.525,0.4,0.13,0.6445,0.345,0.1285,0.2,8
I,0.55,0.43,0.145,0.712,0.3025,0.152,0.225,10
I,0.55,0.425,0.135,0.656,0.257,0.17,0.203,10
F,0.555,0.445,0.175,1.1465,0.551,0.244,0.2785,8
F,0.57,0.445,0.155,1.017,0.5265,0.2025,0.265,10
F,0.58,0.465,0.145,0.9865,0.47,0.2155,0.25,11
M,0.585,0.465,0.165,0.885,0.4025,0.1625,0.274,10
M,0.59,0.475,0.14,0.977,0.4625,0.2025,0.275,10
M,0.6,0.495,0.185,1.1145,0.5055,0.2635,0.367,11
M,0.61,0.48,0.185,1.3065,0.6895,0.2915,0.29,10
F,0.62,0.48,0.165,1.0125,0.5325,0.4365,0.324,10
M,0.63,0.505,0.175,1.221,0.555,0.252,0.34,12
M,0.63,0.525,0.195,1.3135,0.4935,0.2565,0.465,10
F,0.64,0.495,0.17,1.2265,0.49,0.377,0.2875,11
M,0.65,0.51,0.175,1.446,0.6485,0.2705,0.45,12
F,0.675,0.525,0.17,1.711,0.8365,0.352,0.475,9
M,0.72,0.55,0.205,2.165,1.1055,0.525,0.404,10
I,0.255,0.195,0.055,0.0725,0.0285,0.017,0.021,4
I,0.325,0.24,0.075,0.1525,0.072,0.0645,0.043,6
I,0.375,0.285,0.09,0.2545,0.119,0.0595,0.0675,6
I,0.455,0.35,0.105,0.4445,0.213,0.107,0.1115,7
M,0.5,0.365,0.13,0.5945,0.309,0.1085,0.1535,9
F,0.525,0.43,0.135,0.8435,0.4325,0.18,0.1815,9
F,0.54,0.415,0.15,0.8115,0.3875,0.1875,0.2035,9
M,0.58,0.445,0.16,0.984,0.49,0.201,0.27,9
M,0.59,0.485,0.155,1.0785,0.4535,0.2435,0.31,9
M,0.6,0.45,0.16,1.142,0.539,0.225,0.307,10
M,0.625,0.475,0.175,1.3405,0.656,0.283,0.337,10
M,0.63,0.485,0.16,1.243,0.623,0.275,0.3,10
F,0.645,0.49,0.16,1.144,0.5015,0.289,0.319,8
F,0.655,0.515,0.17,1.527,0.8485,0.2635,0.331,11
F,0.72,0.55,0.18,1.52,0.637,0.325,0.435,10
M,0.74,0.595,0.19,2.3235,1.1495,0.5115,0.505,11
I,0.32,0.205,0.08,0.181,0.088,0.034,0.0495,5
I,0.37,0.27,0.09,0.1855,0.07,0.0425,0.065,7
I,0.41,0.305,0.095,0.2625,0.1,0.0515,0.09,6
I,0.445,0.31,0.09,0.336,0.1555,0.09,0.0855,7
I,0.475,0.375,0.11,0.494,0.211,0.109,0.1545,8
I,0.5,0.37,0.12,0.5445,0.249,0.1065,0.152,8
M,0.505,0.365,0.115,0.521,0.25,0.096,0.15,8
M,0.52,0.465,0.15,0.9505,0.456,0.199,0.255,8
F,0.535,0.445,0.125,0.8725,0.417,0.199,0.24,8
I,0.545,0.43,0.13,0.7595,0.358,0.153,0.2055,8
F,0.55,0.435,0.14,0.745,0.347,0.174,0.2265,9
F,0.575,0.425,0.15,0.8765,0.455,0.18,0.228,8
M,0.58,0.465,0.15,0.9065,0.371,0.1965,0.29,8
M,0.58,0.445,0.15,0.9525,0.4315,0.1945,0.287,11
M,0.59,0.5,0.15,1.142,0.485,0.265,0.345,9
M,0.595,0.47,0.155,1.2015,0.492,0.3865,0.265,10
M,0.6,0.45,0.195,1.34,0.617,0.3255,0.3605,10
F,0.605,0.495,0.17,1.0915,0.4365,0.2715,0.335,13
I,0.61,0.425,0.155,1.0485,0.507,0.1955,0.274,11
F,0.615,0.475,0.175,1.194,0.559,0.259,0.3165,11
F,0.615,0.495,0.165,1.198,0.5415,0.2865,0.3185,10
M,0.625,0.495,0.175,1.2075,0.531,0.281,0.3525,11
M,0.625,0.49,0.12,0.8765,0.456,0.18,0.233,10
F,0.63,0.485,0.185,1.167,0.548,0.2485,0.34,10
M,0.635,0.52,0.175,1.292,0.6,0.269,0.367,11
M,0.64,0.505,0.18,1.297,0.59,0.3125,0.363,11
F,0.645,0.52,0.17,1.197,0.526,0.2925,0.317,11
F,0.65,0.565,0.2,1.6645,0.753,0.367,0.43,12
F,0.66,0.525,0.18,1.5965,0.7765,0.397,0.3605,10
F,0.67,0.525,0.19,1.527,0.5755,0.353,0.44,12
M,0.67,0.54,0.175,1.482,0.739,0.2925,0.365,10
M,0.69,0.515,0.18,1.8445,0.9815,0.4655,0.341,13
M,0.735,0.59,0.205,2.087,0.909,0.474,0.625,12
I,0.43,0.345,0.115,0.4295,0.212,0.108,0.109,8
I,0.5,0.37,0.115,0.5745,0.306,0.112,0.141,7
F,0.525,0.41,0.135,0.7905,0.4065,0.198,0.177,8
M,0.535,0.405,0.175,1.2705,0.548,0.3265,0.337,13
F,0.59,0.44,0.14,1.007,0.4775,0.2105,0.2925,9
F,0.595,0.43,0.21,1.5245,0.653,0.396,0.41,11
F,0.62,0.5,0.17,1.148,0.5475,0.22,0.3315,10
M,0.64,0.485,0.16,1.006,0.456,0.2245,0.2835,9
F,0.655,0.505,0.175,1.2905,0.6205,0.2965,0.326,10
M,0.7,0.545,0.185,1.6135,0.75,0.4035,0.3685,11
I,0.375,0.26,0.08,0.2075,0.09,0.0415,0.07,6
I,0.39,0.28,0.09,0.215,0.0845,0.034,0.079,8
I,0.435,0.335,0.105,0.3535,0.156,0.05,0.1135,7
I,0.45,0.34,0.125,0.4045,0.171,0.07,0.1345,8
I,0.47,0.375,0.125,0.5225,0.2265,0.104,0.162,8
I,0.495,0.375,0.115,0.507,0.241,0.103,0.15,8
I,0.52,0.395,0.115,0.6445,0.3155,0.1245,0.186,11
M,0.535,0.41,0.12,0.6835,0.3125,0.1655,0.159,8
I,0.55,0.445,0.145,0.783,0.3045,0.157,0.265,11
F,0.57,0.47,0.14,0.871,0.385,0.211,0.2315,10
M,0.575,0.445,0.14,0.737,0.325,0.1405,0.237,10
M,0.585,0.45,0.175,1.1275,0.4925,0.262,0.335,11
M,0.595,0.47,0.175,0.991,0.382,0.2395,0.5,12
F,0.6,0.45,0.14,0.869,0.3425,0.195,0.291,11
M,0.615,0.485,0.215,0.9615,0.422,0.176,0.29,11
M,0.63,0.515,0.175,1.1955,0.492,0.247,0.37,11
F,0.635,0.49,0.155,1.145,0.4775,0.3035,0.3155,9
F,0.64,0.5,0.15,1.2015,0.559,0.231,0.3355,9
F,0.655,0.49,0.16,1.204,0.5455,0.2615,0.3225,9
M,0.665,0.525,0.155,1.3575,0.5325,0.3045,0.4485,10
F,0.68,0.56,0.195,1.664,0.58,0.3855,0.545,11
M,0.71,0.56,0.175,1.724,0.566,0.4575,0.4625,13
I,0.225,0.17,0.05,0.0515,0.019,0.012,0.017,4
I,0.355,0.27,0.075,0.204,0.3045,0.046,0.0595,7
M,0.46,0.355,0.14,0.491,0.207,0.115,0.174,10
F,0.52,0.43,0.15,0.728,0.302,0.1575,0.235,11
F,0.53,0.395,0.115,0.5685,0.249,0.1375,0.161,9
M,0.58,0.43,0.125,0.9115,0.446,0.2075,0.121,10
M,0.645,0.5,0.18,1.461,0.5985,0.2425,0.439,11
I,0.3,0.22,0.065,0.1235,0.059,0.026,0.0315,5
I,0.395,0.3,0.12,0.2995,0.1265,0.068,0.0895,8
I,0.425,0.325,0.105,0.3975,0.1815,0.081,0.1175,7
M,0.465,0.405,0.135,0.7775,0.436,0.1715,0.1455,10
F,0.525,0.4,0.13,0.6995,0.3115,0.131,0.223,9
M,0.575,0.45,0.135,0.9215,0.354,0.209,0.2365,9
M,0.615,0.495,0.155,1.2865,0.435,0.293,0.3245,11
M,0.67,0.515,0.165,1.1735,0.526,0.285,0.316,11
F,0.485,0.39,0.1,0.5565,0.2215,0.1155,0.185,9
M,0.535,0.42,0.125,0.764,0.312,0.1505,0.265,11
M,0.55,0.425,0.16,0.97,0.2885,0.139,0.48,20
I,0.2,0.15,0.04,0.046,0.021,0.007,0.0065,4
M,0.585,0.45,0.15,1.047,0.4315,0.276,0.315,14
F,0.655,0.505,0.165,1.367,0.5835,0.3515,0.396,10
M,0.425,0.335,0.1,0.4085,0.1755,0.092,0.135,9
M,0.535,0.44,0.165,0.875,0.279,0.18,0.3,10
I,0.275,0.2,0.065,0.1165,0.0565,0.013,0.035,7
F,0.55,0.44,0.125,0.765,0.33,0.2125,0.245,9
F,0.64,0.54,0.175,1.571,0.627,0.271,0.475,18
F,0.57,0.465,0.155,0.872,0.3245,0.239,0.285,14
M,0.35,0.265,0.09,0.2265,0.0995,0.0575,0.065,6
F,0.49,0.38,0.13,0.539,0.229,0.1355,0.165,12
F,0.37,0.295,0.1,0.2685,0.1165,0.056,0.0835,7
M,0.565,0.44,0.115,0.9185,0.404,0.1785,0.29,11
F,0.47,0.36,0.11,0.4965,0.237,0.127,0.13,6
I,0.2,0.145,0.025,0.0345,0.011,0.0075,0.01,5
M,0.565,0.435,0.185,1.032,0.354,0.2045,0.31,20
I,0.325,0.245,0.075,0.1495,0.0605,0.033,0.045,5
F,0.505,0.405,0.16,0.6835,0.271,0.145,0.215,10
F,0.635,0.505,0.185,1.3035,0.501,0.295,0.41,17
I,0.295,0.215,0.075,0.116,0.037,0.0295,0.04,8
M,0.565,0.45,0.14,1.0055,0.3785,0.244,0.265,12
F,0.555,0.42,0.14,0.868,0.33,0.243,0.21,13
M,0.63,0.51,0.19,1.4985,0.4125,0.3075,0.545,16
M,0.5,0.4,0.145,0.6025,0.216,0.138,0.21,11
M,0.52,0.415,0.175,0.753,0.258,0.171,0.255,8
F,0.42,0.32,0.13,0.4135,0.1645,0.106,0.119,10
M,0.57,0.455,0.15,0.96,0.387,0.2385,0.275,11
F,0.61,0.48,0.19,1.2955,0.5215,0.3225,0.365,12
I,0.345,0.285,0.1,0.2225,0.0865,0.058,0.075,8
M,0.555,0.435,0.135,0.858,0.377,0.1585,0.29,15
F,0.655,0.51,0.16,1.092,0.396,0.2825,0.37,14
M,0.55,0.435,0.16,0.906,0.342,0.219,0.295,13
F,0.435,0.35,0.125,0.459,0.197,0.1145,0.145,9
I,0.43,0.35,0.105,0.366,0.1705,0.0855,0.11,6
F,0.575,0.48,0.15,0.8745,0.375,0.193,0.29,12
F,0.56,0.435,0.125,0.8775,0.3345,0.2145,0.29,13
M,0.565,0.45,0.115,0.9085,0.398,0.197,0.29,17
F,0.495,0.385,0.135,0.6625,0.3005,0.1635,0.185,11
F,0.625,0.475,0.13,0.8595,0.3195,0.1775,0.24,13
F,0.475,0.375,0.14,0.501,0.192,0.1175,0.175,13
M,0.485,0.385,0.125,0.4775,0.2,0.0785,0.17,12
M,0.69,0.54,0.185,1.6195,0.533,0.353,0.555,24
F,0.59,0.475,0.155,0.9715,0.371,0.235,0.28,11
F,0.62,0.51,0.175,1.1255,0.4985,0.227,0.315,14
F,0.51,0.395,0.12,0.6175,0.262,0.122,0.193,12
M,0.575,0.455,0.185,1.156,0.5525,0.243,0.295,13
F,0.605,0.485,0.165,1.0735,0.437,0.205,0.33,14
F,0.615,0.5,0.205,1.1055,0.4445,0.227,0.39,16
F,0.565,0.45,0.185,0.9285,0.302,0.1805,0.265,12
I,0.41,0.3,0.115,0.2595,0.097,0.0515,0.08,10
F,0.62,0.485,0.165,1.166,0.483,0.238,0.355,13
M,0.4,0.31,0.11,0.314,0.138,0.057,0.1,11
M,0.44,0.35,0.14,0.451,0.171,0.0705,0.184,16
F,0.535,0.425,0.155,0.7765,0.302,0.1565,0.25,16
F,0.395,0.3,0.105,0.3375,0.1435,0.0755,0.098,12
I,0.55,0.415,0.135,0.8095,0.2985,0.2015,0.28,12
F,0.385,0.305,0.125,0.314,0.146,0.0555,0.08,10
I,0.45,0.36,0.125,0.45,0.191,0.0865,0.145,12
F,0.45,0.35,0.125,0.4435,0.185,0.09,0.145,11
I,0.54,0.435,0.145,0.97,0.4285,0.22,0.264,17
F,0.455,0.365,0.11,0.385,0.166,0.046,0.1345,13
I,0.47,0.4,0.16,0.51,0.1615,0.073,0.198,14
I,0.445,0.345,0.13,0.4075,0.1365,0.0645,0.18,11
I,0.475,0.365,0.14,0.4545,0.171,0.118,0.158,8
I,0.39,0.3,0.1,0.3085,0.1385,0.0735,0.085,6
F,0.58,0.44,0.175,1.073,0.4005,0.2345,0.335,19
I,0.54,0.405,0.15,0.7585,0.307,0.2075,0.19,10
M,0.28,0.21,0.065,0.0905,0.035,0.02,0.03,5
M,0.455,0.345,0.125,0.44,0.169,0.1065,0.135,12
M,0.54,0.405,0.155,0.9715,0.3225,0.194,0.29,19
I,0.31,0.235,0.09,0.127,0.048,0.031,0.04,6
I,0.19,0.13,0.045,0.0265,0.009,0.005,0.009,5
M,0.5,0.375,0.13,0.721,0.3055,0.1725,0.22,14
M,0.515,0.4,0.125,0.955,0.341,0.2535,0.26,13
M,0.56,0.44,0.16,1.1115,0.5035,0.2785,0.26,10
M,0.575,0.435,0.13,1.0105,0.368,0.222,0.32,10
M,0.605,0.475,0.16,1.616,0.5495,0.332,0.34,18
M,0.53,0.43,0.135,0.879,0.28,0.2165,0.25,10
I,0.35,0.265,0.11,0.209,0.066,0.059,0.075,9
I,0.35,0.28,0.075,0.196,0.082,0.04,0.064,8
I,0.415,0.31,0.105,0.3595,0.167,0.083,0.0915,6
M,0.49,0.395,0.12,0.674,0.3325,0.1235,0.185,9
M,0.56,0.45,0.14,0.9,0.472,0.182,0.218,7
F,0.595,0.475,0.165,1.148,0.444,0.214,0.37,10
F,0.63,0.475,0.15,1.172,0.536,0.254,0.316,11
M,0.71,0.55,0.2,1.9045,0.882,0.44,0.5,13
I,0.325,0.24,0.075,0.152,0.065,0.0305,0.045,6
I,0.365,0.27,0.105,0.2155,0.0915,0.0475,0.063,6
I,0.38,0.275,0.095,0.2505,0.0945,0.0655,0.075,6
I,0.465,0.37,0.1,0.5055,0.234,0.11,0.14,7
I,0.485,0.37,0.1,0.513,0.219,0.1075,0.13,7
I,0.5,0.385,0.11,0.596,0.3015,0.104,0.151,8
F,0.525,0.44,0.125,0.7115,0.3205,0.159,0.1915,7
F,0.555,0.42,0.11,0.931,0.4445,0.171,0.225,8
F,0.61,0.48,0.16,1.234,0.598,0.238,0.315,12
M,0.62,0.485,0.165,1.1325,0.5235,0.2505,0.2825,9
M,0.625,0.485,0.17,1.437,0.5855,0.293,0.475,11
M,0.64,0.5,0.17,1.4545,0.642,0.3575,0.354,9
M,0.72,0.565,0.2,1.787,0.718,0.385,0.529,11
I,0.21,0.15,0.055,0.0455,0.02,0.0065,0.013,4
I,0.4,0.29,0.1,0.258,0.104,0.059,0.0815,7
I,0.45,0.34,0.105,0.4385,0.21,0.0925,0.12,8
I,0.47,0.355,0.115,0.4155,0.167,0.084,0.139,7
F,0.505,0.475,0.16,1.1155,0.509,0.239,0.3065,8
M,0.535,0.42,0.16,0.7465,0.348,0.1515,0.2185,10
M,0.555,0.44,0.15,0.838,0.4155,0.146,0.23,8
M,0.575,0.44,0.145,0.87,0.3945,0.2195,0.225,8
M,0.6,0.41,0.145,0.939,0.4475,0.196,0.268,8
F,0.615,0.49,0.19,1.1345,0.4695,0.257,0.348,11
M,0.625,0.47,0.175,1.179,0.605,0.258,0.271,9
M,0.65,0.505,0.18,1.469,0.7115,0.3335,0.38,9
F,0.66,0.5,0.175,1.3275,0.556,0.2805,0.4085,9
F,0.7,0.575,0.2,1.7365,0.7755,0.3965,0.461,11
F,0.72,0.545,0.185,1.7185,0.7925,0.401,0.468,11
I,0.26,0.205,0.07,0.097,0.0415,0.019,0.0305,4
I,0.335,0.26,0.085,0.192,0.097,0.03,0.054,6
I,0.36,0.265,0.09,0.2055,0.096,0.037,0.0585,7
I,0.4,0.31,0.115,0.314,0.1545,0.0595,0.087,6
I,0.425,0.325,0.11,0.405,0.1695,0.092,0.1065,8
I,0.445,0.355,0.095,0.3615,0.1415,0.0785,0.12,8
I,0.46,0.34,0.09,0.384,0.1795,0.068,0.11,8
I,0.475,0.35,0.115,0.498,0.2375,0.099,0.14,7
M,0.505,0.39,0.115,0.5585,0.2575,0.119,0.1535,8
I,0.53,0.405,0.13,0.6615,0.2945,0.1395,0.19,9
I,0.535,0.41,0.13,0.6075,0.268,0.1225,0.1975,9
M,0.57,0.47,0.155,1.186,0.6355,0.2315,0.277,10
I,0.575,0.455,0.155,0.8725,0.349,0.2095,0.285,8
M,0.575,0.45,0.155,0.886,0.3605,0.211,0.2575,9
M,0.58,0.47,0.165,1.041,0.54,0.166,0.279,9
F,0.595,0.465,0.145,0.7955,0.3425,0.1795,0.2425,10
F,0.6,0.475,0.155,1.059,0.441,0.19,0.39,11
F,0.62,0.48,0.165,1.043,0.4835,0.221,0.31,10
F,0.625,0.5,0.175,1.273,0.564,0.302,0.374,9
I,0.63,0.465,0.15,1.0315,0.4265,0.24,0.325,11
F,0.65,0.52,0.195,1.6275,0.689,0.3905,0.432,11
F,0.655,0.53,0.165,1.2835,0.583,0.1255,0.4,8
M,0.675,0.515,0.145,1.265,0.6025,0.299,0.325,10
I,0.175,0.125,0.04,0.028,0.0095,0.008,0.009,4
I,0.42,0.325,0.11,0.325,0.1245,0.0755,0.1025,7
F,0.51,0.375,0.11,0.5805,0.2865,0.118,0.148,7
M,0.58,0.45,0.16,0.8675,0.3935,0.221,0.215,9
F,0.61,0.49,0.17,1.3475,0.7045,0.25,0.3045,11
M,0.615,0.495,0.2,1.304,0.5795,0.3115,0.371,14
F,0.64,0.5,0.17,1.2645,0.565,0.3375,0.315,9
M,0.66,0.53,0.175,1.583,0.7395,0.3505,0.405,10
M,0.69,0.53,0.19,1.5955,0.678,0.331,0.48,10
I,0.285,0.225,0.07,0.1005,0.0425,0.0185,0.035,7
I,0.3,0.22,0.065,0.1195,0.052,0.0155,0.035,5
I,0.39,0.29,0.09,0.2745,0.135,0.0455,0.078,8
I,0.445,0.345,0.12,0.4035,0.169,0.0825,0.13,7
I,0.47,0.345,0.12,0.3685,0.1525,0.0615,0.125,8
I,0.475,0.35,0.125,0.4225,0.1905,0.079,0.1355,9
I,0.52,0.415,0.14,0.6385,0.2945,0.1405,0.171,8
I,0.53,0.425,0.13,0.781,0.3905,0.2005,0.215,9
I,0.53,0.395,0.125,0.6235,0.2975,0.108,0.195,11
F,0.545,0.41,0.125,0.654,0.2945,0.1315,0.205,10
I,0.55,0.4,0.135,0.717,0.3315,0.1495,0.221,9
I,0.575,0.44,0.15,0.983,0.486,0.215,0.239,8
M,0.59,0.465,0.135,0.9895,0.4235,0.199,0.28,8
F,0.595,0.46,0.155,1.0455,0.4565,0.24,0.3085,10
F,0.6,0.5,0.16,1.122,0.5095,0.256,0.309,10
F,0.61,0.495,0.165,1.0835,0.4525,0.273,0.317,9
M,0.62,0.525,0.155,1.085,0.454,0.1965,0.35,10
F,0.625,0.485,0.135,1.3025,0.61,0.2675,0.3605,14
M,0.64,0.5,0.175,1.273,0.5065,0.2925,0.405,13
M,0.65,0.495,0.17,1.276,0.6215,0.2305,0.399,11
M,0.65,0.525,0.205,1.4275,0.69,0.306,0.4355,13
F,0.66,0.53,0.17,1.431,0.622,0.309,0.398,10
F,0.67,0.51,0.155,1.278,0.5605,0.3045,0.358,11
F,0.675,0.535,0.185,1.5575,0.7035,0.402,0.4,11
M,0.685,0.535,0.175,1.432,0.637,0.247,0.46,11
M,0.71,0.555,0.175,2.14,1.2455,0.3725,0.434,11
I,0.235,0.13,0.075,0.1585,0.0685,0.037,0.0465,5
F,0.38,0.32,0.115,0.6475,0.323,0.1325,0.164,7
I,0.47,0.355,0.12,0.4915,0.1765,0.1125,0.1325,9
I,0.5,0.395,0.145,0.7865,0.332,0.1815,0.2455,8
M,0.515,0.37,0.115,0.6145,0.3415,0.155,0.146,9
M,0.605,0.455,0.16,1.1215,0.533,0.273,0.271,10
M,0.625,0.48,0.18,1.223,0.565,0.2975,0.3375,10
F,0.65,0.5,0.17,1.4045,0.694,0.318,0.3235,11
F,0.705,0.555,0.195,1.7525,0.7105,0.4215,0.516,12
I,0.36,0.265,0.085,0.1865,0.0675,0.037,0.0615,7
I,0.435,0.375,0.11,0.4155,0.17,0.076,0.145,8
I,0.475,0.36,0.11,0.452,0.191,0.099,0.13,8
I,0.515,0.39,0.12,0.565,0.235,0.135,0.179,9
M,0.53,0.425,0.13,0.702,0.2975,0.1395,0.22,9
I,0.53,0.41,0.15,0.612,0.2435,0.1525,0.1895,11
F,0.555,0.44,0.14,0.846,0.346,0.1715,0.2735,10
I,0.565,0.43,0.125,0.6545,0.2815,0.139,0.21,9
F,0.575,0.46,0.15,0.927,0.333,0.207,0.2985,9
F,0.585,0.42,0.155,0.9845,0.442,0.2155,0.2875,13
M,0.615,0.48,0.185,1.2205,0.4985,0.315,0.33,10
I,0.62,0.48,0.18,1.1305,0.5285,0.2655,0.306,12
M,0.625,0.5,0.185,1.2425,0.5995,0.248,0.335,10
F,0.65,0.505,0.175,1.2075,0.5105,0.262,0.39,10
F,0.665,0.525,0.18,1.5785,0.678,0.229,0.456,14
F,0.675,0.54,0.21,1.593,0.686,0.318,0.45,11
M,0.74,0.58,0.205,2.381,0.8155,0.4695,0.488,12
I,0.32,0.23,0.06,0.129,0.0615,0.0275,0.0355,7
I,0.425,0.31,0.095,0.3505,0.1645,0.071,0.1,8
I,0.525,0.4,0.125,0.5655,0.2435,0.119,0.175,8
I,0.35,0.26,0.095,0.221,0.0985,0.043,0.07,8
M,0.465,0.355,0.12,0.5315,0.2725,0.097,0.1395,8
M,0.57,0.44,0.145,0.8815,0.3605,0.1955,0.2735,10
F,0.615,0.455,0.135,1.059,0.4735,0.263,0.274,9
F,0.68,0.52,0.185,1.541,0.5985,0.395,0.4575,10
M,0.5,0.385,0.12,0.6335,0.2305,0.125,0.235,14
M,0.535,0.41,0.15,0.8105,0.345,0.187,0.24,11
M,0.41,0.325,0.1,0.3555,0.146,0.072,0.105,9
F,0.53,0.41,0.145,0.8255,0.375,0.204,0.245,9
M,0.575,0.45,0.16,0.955,0.44,0.1685,0.27,16
I,0.37,0.275,0.085,0.2045,0.096,0.056,0.08,6
F,0.375,0.295,0.11,0.3005,0.1255,0.0575,0.1035,7
F,0.57,0.465,0.155,0.9685,0.446,0.261,0.255,9
I,0.335,0.255,0.085,0.1785,0.071,0.0405,0.055,9
F,0.55,0.465,0.15,1.082,0.3575,0.194,0.19,14
F,0.655,0.5,0.18,1.4155,0.508,0.314,0.445,18
F,0.525,0.43,0.165,0.717,0.289,0.1745,0.195,10
M,0.545,0.44,0.165,0.744,0.2875,0.204,0.25,15
I,0.33,0.25,0.075,0.1405,0.056,0.035,0.05,5
M,0.545,0.45,0.16,0.8615,0.2925,0.1545,0.365,16
I,0.38,0.3,0.1,0.286,0.1305,0.056,0.09,7
M,0.54,0.425,0.12,0.817,0.2945,0.153,0.195,10
F,0.46,0.375,0.12,0.4915,0.2205,0.088,0.17,7
M,0.515,0.4,0.14,0.7365,0.2955,0.184,0.185,16
I,0.435,0.355,0.125,0.4075,0.1535,0.074,0.165,9
M,0.76,0.575,0.19,1.829,0.7035,0.386,0.56,14
M,0.445,0.345,0.14,0.476,0.2055,0.1015,0.1085,15
M,0.635,0.48,0.235,1.064,0.413,0.228,0.36,16
M,0.245,0.18,0.065,0.0635,0.0245,0.0135,0.02,4
M,0.455,0.355,0.135,0.4745,0.1865,0.0935,0.168,13
I,0.54,0.4,0.145,0.757,0.315,0.181,0.215,11
F,0.52,0.41,0.16,0.712,0.2845,0.153,0.225,10
M,0.295,0.23,0.085,0.125,0.042,0.0285,0.043,8
M,0.395,0.28,0.08,0.266,0.0995,0.066,0.09,12
I,0.58,0.42,0.16,0.728,0.2725,0.19,0.19,14
F,0.67,0.535,0.185,1.597,0.6275,0.35,0.47,21
I,0.235,0.18,0.06,0.058,0.022,0.0145,0.018,6
F,0.475,0.4,0.115,0.541,0.186,0.1025,0.21,13
M,0.505,0.39,0.105,0.6555,0.2595,0.18,0.19,11
M,0.55,0.45,0.175,1.0985,0.3765,0.215,0.4,14
M,0.525,0.41,0.165,0.8005,0.2635,0.1985,0.25,13
F,0.53,0.425,0.13,0.717,0.2115,0.166,0.255,13
I,0.465,0.355,0.12,0.5805,0.255,0.0915,0.184,8
F,0.515,0.395,0.14,0.686,0.281,0.1255,0.22,12
M,0.69,0.55,0.195,1.777,0.769,0.38,0.4305,11
I,0.27,0.205,0.075,0.118,0.059,0.031,0.0305,4
I,0.295,0.22,0.065,0.1295,0.052,0.028,0.035,6
I,0.385,0.285,0.09,0.248,0.0935,0.066,0.07,6
I,0.415,0.33,0.1,0.3905,0.1925,0.0755,0.1025,7
I,0.45,0.35,0.135,0.494,0.2205,0.0945,0.1405,7
F,0.525,0.41,0.115,0.7745,0.416,0.163,0.18,7
F,0.585,0.45,0.125,0.874,0.3545,0.2075,0.225,6
F,0.645,0.525,0.17,1.37,0.6135,0.283,0.34,10
M,0.67,0.51,0.2,1.5945,0.6705,0.3845,0.4505,10
M,0.72,0.6,0.235,2.2385,0.984,0.411,0.621,12
I,0.315,0.23,0,0.134,0.0575,0.0285,0.3505,6
I,0.455,0.35,0.135,0.5365,0.2855,0.0855,0.1325,7
I,0.51,0.39,0.125,0.597,0.293,0.1265,0.1555,8
M,0.585,0.465,0.15,0.98,0.4315,0.2545,0.247,9
M,0.61,0.475,0.15,1.142,0.62,0.237,0.245,9
M,0.625,0.505,0.175,1.131,0.5425,0.2265,0.323,8
F,0.64,0.525,0.175,1.382,0.646,0.3115,0.37,9
F,0.68,0.55,0.175,1.473,0.713,0.282,0.4295,11
I,0.275,0.2,0.07,0.096,0.037,0.0225,0.03,6
I,0.365,0.28,0.09,0.196,0.0865,0.036,0.0605,7
I,0.435,0.325,0.1,0.366,0.174,0.0725,0.109,7
I,0.495,0.385,0.125,0.5125,0.2075,0.1155,0.172,10
I,0.54,0.42,0.14,0.74,0.3595,0.159,0.1985,8
F,0.575,0.45,0.12,0.9585,0.447,0.169,0.275,12
F,0.58,0.46,0.135,0.926,0.4025,0.208,0.275,8
M,0.6,0.46,0.155,0.6655,0.285,0.149,0.269,11
M,0.625,0.495,0.175,1.2935,0.5805,0.317,0.355,9
F,0.625,0.485,0.165,1.2255,0.5075,0.296,0.36,10
M,0.645,0.51,0.165,1.403,0.5755,0.2515,0.4545,11
I,0.545,0.405,0.13,0.658,0.327,0.1445,0.174,8
F,0.63,0.515,0.16,1.336,0.553,0.3205,0.35,11
I,0.395,0.31,0.085,0.317,0.153,0.0505,0.0935,7
I,0.48,0.335,0.125,0.524,0.246,0.1095,0.145,7
I,0.515,0.395,0.125,0.5805,0.2365,0.1075,0.19,9
I,0.545,0.43,0.14,0.772,0.289,0.19,0.2615,8
I,0.555,0.43,0.125,0.7005,0.3395,0.1355,0.2095,8
M,0.57,0.445,0.16,1.0145,0.516,0.164,0.3,10
M,0.59,0.45,0.155,0.874,0.369,0.2135,0.24,8
M,0.615,0.475,0.205,1.337,0.5995,0.2815,0.37,11
M,0.63,0.485,0.18,1.2435,0.5175,0.308,0.37,11
F,0.635,0.5,0.175,1.477,0.684,0.3005,0.39,12
F,0.675,0.52,0.175,1.494,0.7365,0.3055,0.37,9
M,0.7,0.545,0.215,1.9125,0.8825,0.4385,0.506,10
F,0.72,0.59,0.205,1.7495,0.7755,0.4225,0.48,11
M,0.51,0.41,0.155,1.2825,0.569,0.291,0.3795,9
I,0.56,0.42,0.14,0.837,0.414,0.214,0.2,8
M,0.625,0.48,0.16,1.2415,0.6575,0.2625,0.2785,9
M,0.35,0.265,0.09,0.197,0.073,0.0365,0.077,7
I,0.49,0.375,0.115,0.557,0.2275,0.1335,0.1765,8
M,0.55,0.42,0.145,0.7385,0.321,0.1485,0.252,11
M,0.58,0.45,0.14,0.824,0.3465,0.1765,0.263,10
M,0.585,0.45,0.15,0.997,0.4055,0.283,0.251,11
F,0.615,0.495,0.155,1.0805,0.52,0.19,0.32,9
F,0.645,0.535,0.19,1.2395,0.468,0.2385,0.424,10
F,0.655,0.5,0.22,1.359,0.642,0.3255,0.405,13
M,0.695,0.53,0.21,1.51,0.664,0.4095,0.385,10
I,0.33,0.23,0.08,0.14,0.0565,0.0365,0.046,7
I,0.43,0.315,0.115,0.384,0.1885,0.0715,0.11,8
M,0.475,0.37,0.11,0.4895,0.2185,0.107,0.146,8
F,0.585,0.475,0.165,1.053,0.458,0.217,0.3,11
I,0.39,0.31,0.085,0.344,0.181,0.0695,0.079,7
I,0.475,0.365,0.115,0.499,0.232,0.0885,0.156,10
M,0.55,0.43,0.13,0.8395,0.3155,0.1955,0.2405,10
M,0.59,0.44,0.135,0.966,0.439,0.2145,0.2605,10
M,0.71,0.555,0.195,1.9485,0.9455,0.3765,0.495,12
