AAT_ECOLI   0.49  0.29  0.48  0.50  0.56  0.24  0.35   cp
ACKA_ECOLI  0.59  0.49  0.48  0.50  0.52  0.45  0.36   cp
AMPD_ECOLI  0.29  0.28  0.48  0.50  0.44  0.23  0.34   cp
ASG1_ECOLI  0.42  0.24  0.48  0.50  0.57  0.27  0.37   cp
CAIB_ECOLI  0.51  0.50  0.48  0.50  0.46  0.32  0.35   cp
CHEB_ECOLI  0.34  0.45  0.48  0.50  0.38  0.24  0.35   cp
CRL_ECOLI   0.40  0.45  0.48  0.50  0.38  0.22  0.00   cp
CYPB_ECOLI  0.30  0.16  0.48  0.50  0.56  0.11  0.23   cp
CYSE_ECOLI  0.25  0.40  0.48  0.50  0.47  0.33  0.42   cp
DDLB_ECOLI  0.53  0.38  0.48  0.50  0.44  0.26  0.36   cp
EFG_ECOLI   0.40  0.29  0.48  0.50  0.42  0.35  0.44   cp
ENO_ECOLI   0.29  0.52  0.48  0.50  0.42  0.29  0.39   cp
G3P2_ECOLI  0.33  0.45  0.48  0.50  0.52  0.32  0.41   cp
GLNA_ECOLI  0.28  0.38  0.48  0.50  0.50  0.33  0.42   cp
GSHR_ECOLI  0.44  0.35  0.48  0.50  0.55  0.55  0.61   cp
HPRT_ECOLI  0.37  0.52  0.48  0.50  0.42  0.42  0.36   cp
ILVY_ECOLI  0.23  0.58  0.48  0.50  0.37  0.53  0.59   cp
KDSA_ECOLI  0.51  0.37  0.48  0.50  0.35  0.36  0.45   cp
LYSR_ECOLI  0.44  0.56  0.48  0.50  0.50  0.46  0.54   cp
MASY_ECOLI  0.18  0.30  0.48  0.50  0.46  0.24  0.35   cp
METK_ECOLI  0.25  0.37  0.48  0.50  0.41  0.33  0.42   cp
NADA_ECOLI  0.26  0.26  0.48  0.50  0.34  0.25  0.35   cp
NIRD_ECOLI  0.44  0.42  0.48  0.50  0.42  0.25  0.20   cp
OTC2_ECOLI  0.48  0.42  0.48  0.50  0.45  0.25  0.35   cp
PGK_ECOLI   0.34  0.28  0.48  0.50  0.41  0.35  0.44   cp
PMBA_ECOLI  0.34  0.55  0.48  0.50  0.58  0.31  0.41   cp
PT1A_ECOLI  0.50  0.49  0.48  0.50  0.49  0.46  0.53   cp
PTFA_ECOLI  0.34  0.46  0.48  0.50  0.52  0.35  0.44   cp
PTHP_ECOLI  0.30  0.45  0.48  0.50  0.36  0.21  0.32   cp
PTNA_ECOLI  0.35  0.37  0.48  0.50  0.30  0.34  0.43   cp
RHAS_ECOLI  0.38  0.40  0.48  0.50  0.63  0.25  0.35   cp
RIML_ECOLI  0.33  0.47  0.48  0.50  0.53  0.18  0.29   cp
RND_ECOLI   0.44  0.49  0.48  0.50  0.39  0.38  0.40   cp
SOXS_ECOLI  0.32  0.33  0.48  0.50  0.60  0.06  0.20   cp
SYD_ECOLI   0.38  0.30  0.48  0.50  0.43  0.29  0.39   cp
SYFB_ECOLI  0.34  0.42  0.48  0.50  0.41  0.34  0.43   cp
SYI_ECOLI   0.25  0.26  0.48  0.50  0.39  0.32  0.42   cp
SYL_ECOLI   0.04  0.31  0.48  0.50  0.41  0.29  0.39   cp
SYQ_ECOLI   0.28  0.33  0.48  0.50  0.45  0.22  0.33   cp
SYV_ECOLI   0.00  0.38  0.48  0.50  0.42  0.48  0.55   cp
THGA_ECOLI  0.27  0.30  0.48  0.50  0.71  0.28  0.39   cp
UBIC_ECOLI  0.30  0.37  0.48  0.50  0.43  0.18  0.30   cp
UVRC_ECOLI  0.44  0.35  0.48  0.50  0.44  0.52  0.59   cp
EMRA_ECOLI  0.06  0.61  0.48  0.50  0.49  0.92  0.37   im
ARAE_ECOLI  0.23  0.48  0.48  0.50  0.59  0.88  0.89   im
ATP6_ECOLI  0.27  0.35  0.48  0.50  0.51  0.77  0.79   im
CYDA_ECOLI  0.55  0.47  0.48  0.50  0.57  0.78  0.80   im
DCTA_ECOLI  0.73  0.36  0.48  0.50  0.53  0.91  0.92   im
DPPC_ECOLI  0.48  0.41  0.48  0.50  0.51  0.90  0.88   im
EXBB_ECOLI  0.47  0.55  0.48  0.50  0.58  0.71  0.75   im
FTSW_ECOLI  0.54  0.57  0.48  0.50  0.56  0.81  0.83   im
GLPT_ECOLI  0.31  0.50  0.48  0.50  0.57  0.84  0.85   im
KGTP_ECOLI  0.45  0.40  0.48  0.50  0.61  0.74  0.77   im
LLDP_ECOLI  0.66  0.53  0.48  0.50  0.59  0.66  0.66   im
MALF_ECOLI  0.63  0.54  0.48  0.50  0.65  0.79  0.81   im
MSBB_ECOLI  0.16  0.51  0.48  0.50  0.33  0.39  0.48   im
NHAA_ECOLI  0.89  0.55  0.48  0.50  0.51  0.72  0.76   im
PNTA_ECOLI  0.33  0.37  0.48  0.50  0.46  0.65  0.69   im
PSTA_ECOLI  0.34  0.67  0.48  0.50  0.52  0.76  0.79   im
PTBA_ECOLI  0.51  0.40  0.48  0.50  0.57  0.62  0.67   im
PTGB_ECOLI  0.58  0.55  0.48  0.50  0.57  0.70  0.74   im
PTOA_ECOLI  0.35  0.51  0.48  0.50  0.61  0.71  0.74   im
SECE_ECOLI  0.48  0.49  0.48  0.50  0.52  0.77  0.71   im
XYLE_ECOLI  0.69  0.39  0.48  0.50  0.57  0.76  0.79   im
FTSL_ECOLI  0.36  0.45  0.48  0.50  0.38  0.79  0.17   im
MOTB_ECOLI  0.30  0.51  0.48  0.50  0.42  0.61  0.34   im
ATKC_ECOLI  0.85  0.53  0.48  0.50  0.53  0.52  0.35  imS
CYOA_ECOLI  0.70  0.39  1.00  0.50  0.51  0.82  0.84  imL
CADB_ECOLI  0.83  0.48  0.48  0.50  0.65  0.76  0.79  imU
CYDB_ECOLI  0.75  0.37  0.48  0.50  0.64  0.70  0.74  imU
DMSC_ECOLI  0.66  0.48  0.48  0.50  0.54  0.70  0.74  imU
FEPD_ECOLI  0.84  0.49  0.48  0.50  0.55  0.78  0.74  imU
KEFC_ECOLI  0.63  0.42  0.48  0.50  0.48  0.77  0.80  imU
MCP2_ECOLI  0.81  0.53  0.48  0.50  0.57  0.87  0.88  imU
MOTA_ECOLI  0.76  0.41  0.48  0.50  0.50  0.59  0.62  imU
PTKC_ECOLI  0.73  0.26  0.48  0.50  0.57  0.75  0.78  imU
SECG_ECOLI  0.84  0.54  0.48  0.50  0.75  0.92  0.70  imU
UHPB_ECOLI  0.79  0.54  0.48  0.50  0.50  0.66  0.68  imU
FHUA_ECOLI  0.63  0.69  0.48  0.50  0.65  0.41  0.28   om
NMPC_ECOLI  0.67  0.84  0.48  0.50  0.74  0.54  0.37   om
OMPF_ECOLI  0.75  0.76  0.48  0.50  0.83  0.57  0.30   om
BTUB_ECOLI  0.56  0.68  0.48  0.50  0.77  0.36  0.45   om
FEPA_ECOLI  0.64  0.57  0.48  0.50  0.70  0.33  0.26   om
OMPT_ECOLI  0.63  0.49  0.48  0.50  0.79  0.45  0.28   om
NLPB_ECOLI  0.66  0.49  1.00  0.50  0.54  0.56  0.36  omL
SLP_ECOLI   0.68  0.49  1.00  0.50  0.62  0.55  0.28  omL
ARAF_ECOLI  0.66  0.86  0.48  0.50  0.34  0.41  0.36   pp
CN16_ECOLI  0.67  0.70  0.48  0.50  0.46  0.45  0.33   pp
DGAL_ECOLI  0.63  1.00  0.48  0.50  0.35  0.51  0.49   pp
DSBC_ECOLI  0.66  0.74  0.48  0.50  0.31  0.38  0.43   pp
FECR_ECOLI  0.32  0.39  0.48  0.50  0.53  0.28  0.38   pp
GGT_ECOLI   0.74  0.82  0.48  0.50  0.49  0.49  0.41   pp
HTRA_ECOLI  0.63  0.71  0.48  0.50  0.60  0.40  0.39   pp
MALM_ECOLI  0.74  0.47  0.48  0.50  0.50  0.57  0.42   pp
NRFA_ECOLI  0.69  0.67  0.48  0.50  0.30  0.39  0.24   pp
OSMY_ECOLI  0.64  0.66  0.48  0.50  0.41  0.39  0.20   pp
PPB_ECOLI   0.68  0.67  0.48  0.50  0.49  0.40  0.34   pp
PTR_ECOLI   0.76  0.73  0.48  0.50  0.44  0.39  0.39   pp
SUBI_ECOLI  0.62  0.83  0.48  0.50  0.46  0.36  0.40   pp
TORA_ECOLI  0.43  0.59  0.48  0.50  0.52  0.49  0.56   pp
USHA_ECOLI  0.61  0.60  0.48  0.50  0.44  0.39  0.38   pp
