ACEA_ECOLI  0.07  0.40  0.48  0.50  0.54  0.35  0.44   cp
ACEK_ECOLI  0.56  0.40  0.48  0.50  0.49  0.37  0.46   cp
ADI_ECOLI   0.23  0.32  0.48  0.50  0.55  0.25  0.35   cp
ALKH_ECOLI  0.67  0.39  0.48  0.50  0.36  0.38  0.46   cp
AMY2_ECOLI  0.21  0.34  0.48  0.50  0.51  0.28  0.39   cp
APT_ECOLI   0.20  0.44  0.48  0.50  0.46  0.51  0.57   cp
ARAC_ECOLI  0.42  0.40  0.48  0.50  0.56  0.18  0.30   cp
BTUR_ECOLI  0.25  0.48  0.48  0.50  0.44  0.17  0.29   cp
CAFA_ECOLI  0.39  0.32  0.48  0.50  0.46  0.24  0.35   cp
CFA_ECOLI   0.22  0.43  0.48  0.50  0.48  0.16  0.28   cp
CHEA_ECOLI  0.25  0.40  0.48  0.50  0.46  0.44  0.52   cp
CHEW_ECOLI  0.44  0.27  0.48  0.50  0.55  0.52  0.58   cp
CHEY_ECOLI  0.23  0.40  0.48  0.50  0.39  0.28  0.38   cp
CHEZ_ECOLI  0.41  0.57  0.48  0.50  0.39  0.21  0.32   cp
CSPA_ECOLI  0.31  0.23  0.48  0.50  0.73  0.05  0.14   cp
CYNR_ECOLI  0.51  0.54  0.48  0.50  0.41  0.34  0.43   cp
CYPC_ECOLI  0.36  0.39  0.48  0.50  0.48  0.22  0.23   cp
CYSB_ECOLI  0.29  0.37  0.48  0.50  0.48  0.44  0.52   cp
DAPD_ECOLI  0.21  0.51  0.48  0.50  0.50  0.32  0.41   cp
DCP_ECOLI   0.43  0.37  0.48  0.50  0.53  0.35  0.44   cp
DDLA_ECOLI  0.43  0.39  0.48  0.50  0.47  0.31  0.41   cp
DEOC_ECOLI  0.34  0.33  0.48  0.50  0.38  0.35  0.44   cp
DLDH_ECOLI  0.56  0.51  0.48  0.50  0.34  0.37  0.46   cp
EFTS_ECOLI  0.24  0.35  0.48  0.50  0.31  0.19  0.31   cp
EFTU_ECOLI  0.36  0.54  0.48  0.50  0.41  0.38  0.46   cp
FABB_ECOLI  0.65  0.47  0.48  0.50  0.59  0.30  0.40   cp
FES_ECOLI   0.32  0.42  0.48  0.50  0.35  0.28  0.38   cp
G3P1_ECOLI  0.38  0.46  0.48  0.50  0.48  0.22  0.29   cp
G6PI_ECOLI  0.30  0.37  0.48  0.50  0.59  0.41  0.49   cp
GCVA_ECOLI  0.40  0.50  0.48  0.50  0.45  0.39  0.47   cp
GLPD_ECOLI  0.61  0.45  0.48  0.50  0.48  0.35  0.41   cp
GLYA_ECOLI  0.17  0.38  0.48  0.50  0.45  0.42  0.50   cp
GT_ECOLI    0.43  0.40  0.48  0.50  0.39  0.28  0.39   cp
HEM6_ECOLI  0.42  0.35  0.48  0.50  0.58  0.15  0.27   cp
HEMN_ECOLI  0.23  0.33  0.48  0.50  0.43  0.33  0.43   cp
IF1_ECOLI   0.29  0.30  0.48  0.50  0.45  0.03  0.17   cp
IF2_ECOLI   0.22  0.36  0.48  0.50  0.35  0.39  0.47   cp
IPYR_ECOLI  0.47  0.47  0.48  0.50  0.22  0.16  0.26   cp
KAD_ECOLI   0.54  0.47  0.48  0.50  0.28  0.33  0.42   cp
LEU3_ECOLI  0.40  0.35  0.48  0.50  0.45  0.33  0.42   cp
LON_ECOLI   0.44  0.34  0.48  0.50  0.30  0.33  0.43   cp
LPLA_ECOLI  0.42  0.38  0.48  0.50  0.54  0.34  0.43   cp
MALQ_ECOLI  0.52  0.36  0.48  0.50  0.41  0.28  0.38   cp
MALZ_ECOLI  0.36  0.41  0.48  0.50  0.48  0.47  0.54   cp
METB_ECOLI  0.47  0.29  0.48  0.50  0.51  0.33  0.43   cp
METC_ECOLI  0.24  0.43  0.48  0.50  0.54  0.52  0.59   cp
METR_ECOLI  0.52  0.57  0.48  0.50  0.42  0.47  0.54   cp
METX_ECOLI  0.25  0.37  0.48  0.50  0.43  0.26  0.36   cp
MURF_ECOLI  0.35  0.48  0.48  0.50  0.56  0.40  0.48   cp
NFRC_ECOLI  0.44  0.51  0.48  0.50  0.47  0.26  0.36   cp
NHAR_ECOLI  0.37  0.50  0.48  0.50  0.42  0.36  0.45   cp
OMPR_ECOLI  0.24  0.43  0.48  0.50  0.37  0.28  0.38   cp
OTC1_ECOLI  0.42  0.30  0.48  0.50  0.48  0.26  0.36   cp
PEPE_ECOLI  0.41  0.48  0.48  0.50  0.51  0.44  0.51   cp
PFLA_ECOLI  0.44  0.28  0.48  0.50  0.43  0.27  0.37   cp
PFLB_ECOLI  0.29  0.41  0.48  0.50  0.48  0.38  0.46   cp
PHOB_ECOLI  0.41  0.43  0.48  0.50  0.45  0.31  0.41   cp
PHOH_ECOLI  0.29  0.47  0.48  0.50  0.41  0.23  0.34   cp
PNP_ECOLI   0.36  0.56  0.48  0.50  0.43  0.45  0.53   cp
PROB_ECOLI  0.40  0.46  0.48  0.50  0.52  0.49  0.56   cp
PT1_ECOLI   0.52  0.44  0.48  0.50  0.37  0.36  0.42   cp
PTCA_ECOLI  0.50  0.51  0.48  0.50  0.27  0.23  0.34   cp
PTCB_ECOLI  0.53  0.42  0.48  0.50  0.16  0.29  0.39   cp
PTGA_ECOLI  0.40  0.42  0.48  0.50  0.37  0.27  0.27   cp
PTHA_ECOLI  0.41  0.43  0.48  0.50  0.50  0.24  0.25   cp
PTKA_ECOLI  0.31  0.47  0.48  0.50  0.29  0.28  0.39   cp
PTKB_ECOLI  0.64  0.76  0.48  0.50  0.45  0.35  0.38   cp
PTWB_ECOLI  0.57  0.54  0.48  0.50  0.37  0.28  0.33   cp
PTWX_ECOLI  0.65  0.55  0.48  0.50  0.34  0.37  0.28   cp
RHAR_ECOLI  0.51  0.46  0.48  0.50  0.58  0.31  0.41   cp
RIMI_ECOLI  0.24  0.57  0.48  0.50  0.63  0.34  0.43   cp
RIMJ_ECOLI  0.38  0.26  0.48  0.50  0.54  0.16  0.28   cp
RNB_ECOLI   0.24  0.34  0.48  0.50  0.38  0.30  0.40   cp
RNC_ECOLI   0.26  0.50  0.48  0.50  0.44  0.32  0.41   cp
RNE_ECOLI   0.43  0.32  0.48  0.50  0.33  0.45  0.52   cp
SERC_ECOLI  0.49  0.43  0.48  0.50  0.49  0.30  0.40   cp
SLYD_ECOLI  0.47  0.28  0.48  0.50  0.56  0.20  0.25   cp
SYA_ECOLI   0.34  0.35  0.48  0.50  0.51  0.49  0.56   cp
SYC_ECOLI   0.35  0.34  0.48  0.50  0.46  0.30  0.27   cp
SYE_ECOLI   0.38  0.44  0.48  0.50  0.43  0.20  0.31   cp
SYFA_ECOLI  0.41  0.51  0.48  0.50  0.58  0.20  0.31   cp
SYGA_ECOLI  0.51  0.49  0.48  0.50  0.53  0.14  0.26   cp
SYGB_ECOLI  0.25  0.51  0.48  0.50  0.37  0.42  0.50   cp
SYH_ECOLI   0.29  0.28  0.48  0.50  0.50  0.42  0.50   cp
SYK1_ECOLI  0.24  0.41  0.48  0.50  0.49  0.23  0.34   cp
SYK2_ECOLI  0.17  0.39  0.48  0.50  0.53  0.30  0.39   cp
SYM_ECOLI   0.61  0.36  0.48  0.50  0.49  0.35  0.44   cp
SYP_ECOLI   0.34  0.51  0.48  0.50  0.44  0.37  0.46   cp
SYR_ECOLI   0.40  0.46  0.48  0.50  0.42  0.35  0.44   cp
SYS_ECOLI   0.23  0.34  0.48  0.50  0.43  0.26  0.37   cp
SYT_ECOLI   0.37  0.44  0.48  0.50  0.42  0.39  0.47   cp
SYW_ECOLI   0.39  0.31  0.48  0.50  0.38  0.34  0.43   cp
SYY_ECOLI   0.30  0.44  0.48  0.50  0.49  0.22  0.33   cp
THIK_ECOLI  0.17  0.52  0.48  0.50  0.49  0.37  0.46   cp
TYRB_ECOLI  0.36  0.42  0.48  0.50  0.53  0.32  0.41   cp
UGPQ_ECOLI  0.26  0.40  0.48  0.50  0.36  0.26  0.37   cp
USPA_ECOLI  0.40  0.41  0.48  0.50  0.55  0.22  0.33   cp
UVRB_ECOLI  0.22  0.34  0.48  0.50  0.42  0.29  0.39   cp
XGPT_ECOLI  0.27  0.42  0.48  0.50  0.37  0.38  0.43   cp
XYLA_ECOLI  0.16  0.43  0.48  0.50  0.54  0.27  0.37   cp
AAS_ECOLI   0.44  0.52  0.48  0.50  0.43  0.47  0.54   im
AMPE_ECOLI  0.63  0.47  0.48  0.50  0.51  0.82  0.84   im
ARAH_ECOLI  0.34  0.49  0.48  0.50  0.58  0.85  0.80   im
AROP_ECOLI  0.43  0.40  0.48  0.50  0.58  0.75  0.78   im
ATKB_ECOLI  0.46  0.61  0.48  0.50  0.48  0.86  0.87   im
BETT_ECOLI  0.52  0.39  0.48  0.50  0.65  0.71  0.73   im
CODB_ECOLI  0.29  0.47  0.48  0.50  0.71  0.65  0.69   im
CYOC_ECOLI  0.12  0.67  0.48  0.50  0.74  0.58  0.63   im
CYOD_ECOLI  0.40  0.50  0.48  0.50  0.65  0.82  0.84   im
DHG_ECOLI   0.84  0.44  0.48  0.50  0.48  0.71  0.74   im
DHSC_ECOLI  0.48  0.45  0.48  0.50  0.60  0.78  0.80   im
DHSD_ECOLI  0.54  0.49  0.48  0.50  0.40  0.87  0.88   im
DSBB_ECOLI  0.50  0.66  0.48  0.50  0.31  0.92  0.92   im
ENVZ_ECOLI  0.72  0.46  0.48  0.50  0.51  0.66  0.70   im
FRDC_ECOLI  0.33  0.56  0.48  0.50  0.33  0.78  0.80   im
FRDD_ECOLI  0.64  0.58  0.48  0.50  0.48  0.78  0.73   im
GABP_ECOLI  0.47  0.59  0.48  0.50  0.52  0.76  0.79   im
GALP_ECOLI  0.63  0.50  0.48  0.50  0.59  0.85  0.86   im
GLNP_ECOLI  0.49  0.42  0.48  0.50  0.53  0.79  0.81   im
GLTP_ECOLI  0.74  0.44  0.48  0.50  0.55  0.88  0.89   im
KDGL_ECOLI  0.33  0.45  0.48  0.50  0.45  0.88  0.89   im
LACY_ECOLI  0.71  0.40  0.48  0.50  0.71  0.70  0.74   im
LGT_ECOLI   0.50  0.37  0.48  0.50  0.66  0.64  0.69   im
LNT_ECOLI   0.60  0.61  0.48  0.50  0.54  0.67  0.71   im
LSPA_ECOLI  0.83  0.37  0.48  0.50  0.61  0.71  0.74   im
LYSP_ECOLI  0.34  0.51  0.48  0.50  0.67  0.90  0.90   im
MALG_ECOLI  0.70  0.40  0.48  0.50  0.56  0.86  0.83   im
MCP3_ECOLI  0.60  0.50  1.00  0.50  0.54  0.77  0.80   im
MTR_ECOLI   0.74  0.70  0.48  0.50  0.66  0.65  0.69   im
NANT_ECOLI  0.20  0.46  0.48  0.50  0.57  0.78  0.81   im
NHAB_ECOLI  0.70  0.46  0.48  0.50  0.56  0.78  0.73   im
PHEP_ECOLI  0.12  0.43  0.48  0.50  0.63  0.70  0.74   im
PHOR_ECOLI  0.61  0.52  0.48  0.50  0.54  0.67  0.52   im
POTE_ECOLI  0.63  0.65  0.48  0.50  0.66  0.67  0.71   im
PROP_ECOLI  0.41  0.51  0.48  0.50  0.53  0.75  0.78   im
PSTC_ECOLI  0.58  0.34  0.48  0.50  0.56  0.87  0.81   im
PTAA_ECOLI  0.59  0.56  0.48  0.50  0.55  0.80  0.82   im
PTCC_ECOLI  0.50  0.57  0.48  0.50  0.71  0.61  0.66   im
PTDA_ECOLI  0.60  0.46  0.48  0.50  0.45  0.81  0.83   im
PTFB_ECOLI  0.37  0.47  0.48  0.50  0.39  0.76  0.79   im
PTHB_ECOLI  0.36  0.47  0.48  0.50  0.51  0.69  0.72   im
PTMA_ECOLI  0.39  0.41  0.48  0.50  0.52  0.72  0.75   im
PTTB_ECOLI  0.31  0.44  0.48  0.50  0.50  0.79  0.82   im
RODA_ECOLI  0.61  0.66  0.48  0.50  0.46  0.87  0.88   im
SECF_ECOLI  0.11  0.50  0.48  0.50  0.58  0.72  0.68   im
SECY_ECOLI  0.31  0.36  0.48  0.50  0.58  0.94  0.94   im
TNAB_ECOLI  0.68  0.51  0.48  0.50  0.71  0.75  0.78   im
YCEE_ECOLI  0.52  0.54  0.48  0.50  0.62  0.76  0.79   im
EXBD_ECOLI  0.46  0.59  0.48  0.50  0.36  0.76  0.23   im
FTSN_ECOLI  0.00  0.51  0.48  0.50  0.35  0.67  0.44   im
FTSQ_ECOLI  0.10  0.49  0.48  0.50  0.41  0.67  0.21   im
TOLA_ECOLI  0.61  0.47  0.48  0.50  0.00  0.80  0.32   im
TOLQ_ECOLI  0.63  0.75  0.48  0.50  0.64  0.73  0.66   im
EMRB_ECOLI  0.71  0.52  0.48  0.50  0.64  1.00  0.99   im
NFRB_ECOLI  0.63  0.49  0.48  0.50  0.54  0.76  0.79  imS
NLPA_ECOLI  0.75  0.55  1.00  1.00  0.40  0.47  0.30  imL
ATKA_ECOLI  0.72  0.42  0.48  0.50  0.65  0.77  0.79  imU
BCR_ECOLI   0.79  0.41  0.48  0.50  0.66  0.81  0.83  imU
CAIT_ECOLI  0.69  0.43  0.48  0.50  0.59  0.74  0.77  imU
CPXA_ECOLI  0.79  0.36  0.48  0.50  0.46  0.82  0.70  imU
CRED_ECOLI  0.78  0.33  0.48  0.50  0.57  0.77  0.79  imU
CYOB_ECOLI  0.59  0.29  0.48  0.50  0.64  0.75  0.77  imU
CYOE_ECOLI  0.67  0.37  0.48  0.50  0.54  0.64  0.68  imU
DPPB_ECOLI  0.64  0.46  0.48  0.50  0.48  0.73  0.76  imU
DSBD_ECOLI  0.76  0.71  0.48  0.50  0.50  0.71  0.75  imU
FEPG_ECOLI  0.77  0.55  0.48  0.50  0.51  0.78  0.74  imU
FTSH_ECOLI  0.81  0.44  0.48  0.50  0.42  0.67  0.68  imU
GLTS_ECOLI  0.58  0.60  0.48  0.50  0.59  0.73  0.76  imU
KUP_ECOLI   0.62  0.42  0.48  0.50  0.58  0.79  0.81  imU
MCP1_ECOLI  0.86  0.39  0.48  0.50  0.59  0.89  0.90  imU
MCP4_ECOLI  0.87  0.49  0.48  0.50  0.61  0.76  0.79  imU
MELB_ECOLI  0.47  0.46  0.48  0.50  0.62  0.74  0.77  imU
NUPC_ECOLI  0.70  0.53  0.48  0.50  0.70  0.86  0.87  imU
NUPG_ECOLI  0.64  0.45  0.48  0.50  0.67  0.61  0.66  imU
PNTB_ECOLI  0.81  0.52  0.48  0.50  0.57  0.78  0.80  imU
RHAT_ECOLI  0.49  0.61  1.00  0.50  0.56  0.71  0.74  imU
SECD_ECOLI  0.88  0.42  0.48  0.50  0.52  0.73  0.75  imU
TEHA_ECOLI  0.63  0.51  0.48  0.50  0.64  0.72  0.76  imU
TYRP_ECOLI  0.86  0.55  0.48  0.50  0.63  0.81  0.83  imU
TONB_ECOLI  0.57  0.38  0.48  0.50  0.06  0.49  0.33  imU
LEP_ECOLI   0.78  0.44  0.48  0.50  0.45  0.73  0.68  imU
FADL_ECOLI  0.78  0.68  0.48  0.50  0.83  0.40  0.29   om
LAMB_ECOLI  0.67  0.88  0.48  0.50  0.73  0.50  0.25   om
NFRA_ECOLI  0.61  0.75  0.48  0.50  0.51  0.33  0.33   om
OMPA_ECOLI  0.74  0.90  0.48  0.50  0.57  0.53  0.29   om
OMPC_ECOLI  0.73  0.84  0.48  0.50  0.86  0.58  0.29   om
OMPX_ECOLI  0.77  0.57  0.48  0.50  0.88  0.53  0.20   om
PHOE_ECOLI  0.74  0.78  0.48  0.50  0.75  0.54  0.15   om
TSX_ECOLI   0.68  0.76  0.48  0.50  0.84  0.45  0.27   om
CIRA_ECOLI  0.65  0.51  0.48  0.50  0.66  0.54  0.33   om
FECA_ECOLI  0.52  0.81  0.48  0.50  0.72  0.38  0.38   om
FHUE_ECOLI  0.60  0.76  1.00  0.50  0.77  0.59  0.52   om
OMPP_ECOLI  0.69  0.59  0.48  0.50  0.77  0.39  0.21   om
TOLC_ECOLI  0.71  0.71  0.48  0.50  0.68  0.43  0.36   om
PA1_ECOLI   0.68  0.63  0.48  0.50  0.73  0.40  0.30   om
MULI_ECOLI  0.77  0.57  1.00  0.50  0.37  0.54  0.01  omL
NLPE_ECOLI  0.71  0.46  1.00  0.50  0.52  0.59  0.30  omL
PAL_ECOLI   0.67  0.55  1.00  0.50  0.66  0.58  0.16  omL
AGP_ECOLI   0.74  0.49  0.48  0.50  0.42  0.54  0.36   pp
AMY1_ECOLI  0.70  0.61  0.48  0.50  0.56  0.52  0.43   pp
ASG2_ECOLI  0.73  0.78  0.48  0.50  0.58  0.51  0.31   pp
BGLX_ECOLI  0.65  0.57  0.48  0.50  0.47  0.47  0.51   pp
C562_ECOLI  0.72  0.86  0.48  0.50  0.17  0.55  0.21   pp
CYPH_ECOLI  0.67  0.81  0.48  0.50  0.54  0.49  0.23   pp
CYSP_ECOLI  0.67  0.61  0.48  0.50  0.51  0.37  0.38   pp
DPPA_ECOLI  0.57  0.59  0.48  0.50  0.39  0.47  0.33   pp
DSBA_ECOLI  0.71  0.71  0.48  0.50  0.40  0.54  0.39   pp
ECOT_ECOLI  0.67  0.81  0.48  0.50  0.25  0.42  0.25   pp
ECPD_ECOLI  0.64  0.72  0.48  0.50  0.49  0.42  0.19   pp
FECB_ECOLI  0.68  0.82  0.48  0.50  0.38  0.65  0.56   pp
FEPB_ECOLI  0.70  0.64  0.48  0.50  0.47  0.51  0.47   pp
FIMC_ECOLI  0.63  0.57  0.48  0.50  0.49  0.70  0.20   pp
GLNH_ECOLI  0.63  0.86  0.48  0.50  0.39  0.47  0.34   pp
GLPQ_ECOLI  0.63  0.83  0.48  0.50  0.40  0.39  0.19   pp
LIVJ_ECOLI  0.71  0.86  0.48  0.50  0.40  0.54  0.32   pp
LIVK_ECOLI  0.68  0.78  0.48  0.50  0.43  0.44  0.42   pp
MALE_ECOLI  0.64  0.84  0.48  0.50  0.37  0.45  0.40   pp
MEPA_ECOLI  0.75  0.84  0.48  0.50  0.35  0.52  0.33   pp
MODA_ECOLI  0.63  0.65  0.48  0.50  0.39  0.44  0.35   pp
NRFF_ECOLI  0.70  0.71  0.48  0.50  0.42  0.84  0.85   pp
OPPA_ECOLI  0.69  0.80  0.48  0.50  0.46  0.57  0.26   pp
POTD_ECOLI  0.63  0.80  0.48  0.50  0.46  0.31  0.29   pp
POTF_ECOLI  0.66  0.71  0.48  0.50  0.41  0.50  0.35   pp
PPA_ECOLI   0.69  0.59  0.48  0.50  0.46  0.44  0.52   pp
PROX_ECOLI  0.64  0.78  0.48  0.50  0.50  0.36  0.38   pp
PSTS_ECOLI  0.62  0.78  0.48  0.50  0.47  0.49  0.54   pp
RBSB_ECOLI  0.64  0.81  0.48  0.50  0.37  0.39  0.44   pp
SPEA_ECOLI  0.29  0.39  0.48  0.50  0.52  0.40  0.48   pp
TBPA_ECOLI  0.56  0.54  0.48  0.50  0.43  0.37  0.30   pp
TESA_ECOLI  0.69  0.66  0.48  0.50  0.41  0.50  0.25   pp
TOLB_ECOLI  0.69  0.65  0.48  0.50  0.63  0.48  0.41   pp
TREA_ECOLI  0.74  0.56  0.48  0.50  0.47  0.68  0.30   pp
UGPB_ECOLI  0.71  0.57  0.48  0.50  0.48  0.35  0.32   pp
XYLF_ECOLI  0.59  0.61  0.48  0.50  0.42  0.42  0.37   pp
YTFQ_ECOLI  0.74  0.74  0.48  0.50  0.31  0.53  0.52   pp
